dia,mes,titulo,enlace,localidad,tipo,distancia,provincia,año
V-9,Abril,Maraton Enkarterri Extrem,https://runedia.mundodeportivo.com/carrera/maraton-enkarterri-extrem-2021/202112596/,"Vizcaya, Zaramillo",Montaña,42000 m,euskadi,2021
V-9,Abril,Trail Enkarterri Extrem Trails,https://runedia.mundodeportivo.com/carrera/trail-enkarterri-extrem-trails-2021/202112617/,"Vizcaya, Zaramillo",Montaña,21000 m,euskadi,2021
V-9,Abril,Martxa Montaña Short Trail Enkarterri Extrem,https://runedia.mundodeportivo.com/carrera/martxa-montana-short-trail-enkarterri-extrem-2021/202112600/,"Vizcaya, Zaramillo",Caminata,11000 m,euskadi,2021
S-10,Abril,Canicross Zizurkil,https://runedia.mundodeportivo.com/carrera/canicross-zizurkil-2021/202112804/,"Guipuzkoa, Zizurkil",Canicross,4500 m,euskadi,2021
D-11,Abril,Arrasate Udalatx Mendi Lasterketa,https://runedia.mundodeportivo.com/carrera/arrasate-udalatx-mendi-lasterketa-2021/202112854/,"Guipuzkoa, Arrasate",Montaña,21000 m,euskadi,2021
,Abril,Vitoria-Gasteiz-Estíbaliz - Estibaliz-Igoera,https://runedia.mundodeportivo.com/carrera/vitoria-gasteiz-estibaliz-estibaliz-igoera-2021/202119545/,"Araba, Vitoria-Gasteiz",Asfalto,15150 m,euskadi,2021
,Abril,Andoaingo Ibilaldia,https://runedia.mundodeportivo.com/carrera/andoaingo-ibilaldia-2021/202113012/,"Guipuzkoa, Andoain",Caminata,40000 m,euskadi,2021
S-24,Abril,Gau Trail Arratzu,https://runedia.mundodeportivo.com/carrera/gau-trail-arratzu-2021/202113150/,"Vizcaya, Arratzu",Montaña,15000 m,euskadi,2021
D-25,Abril,Boga Mendi Martxa,https://runedia.mundodeportivo.com/carrera/boga-mendi-martxa-2021/202113218/,"Vizcaya, Ondarroa",Caminata,54000 m,euskadi,2021
D-25,Abril,Galdakaoko Herri Krosa,https://runedia.mundodeportivo.com/carrera/galdakaoko-herri-krosa-2021/202113281/,"Vizcaya, Galdakao",Asfalto,8240 m,euskadi,2021
D-25,Abril,Izarraitz mendi lasterketa corta,https://runedia.mundodeportivo.com/carrera/izarraitz-mendi-lasterketa-corta-2021/202113287/,"Guipuzkoa, Azpeitia",Montaña,10000 m,euskadi,2021
,Abril,Pagoeta Mendi Lasterketa,https://runedia.mundodeportivo.com/carrera/pagoeta-mendi-lasterketa-2021/20212671/,"Guipuzkoa, Zarautz",Montaña,21000 m,euskadi,2021
D-25,Abril,San Markos mendi lasterketa - Carrera de montaña de San Marcos,https://runedia.mundodeportivo.com/carrera/san-markos-mendi-lasterketa-carrera-de-montana-de-san-marcos-2021/202113336/,"Guipuzkoa, Errenteria",Montaña,11500 m,euskadi,2021
D-25,Abril,Lazkaoko Bikoteen Kross,https://runedia.mundodeportivo.com/carrera/lazkaoko-bikoteen-kross-2021/202113294/,"Guipuzkoa, Lazkao",Cross,5500 m,euskadi,2021
D-25,Abril,Izarraitz mendi lasterketa,https://runedia.mundodeportivo.com/carrera/izarraitz-mendi-lasterketa-2021/20212666/,"Guipuzkoa, azpeitia",Montaña,25000 m,euskadi,2021
D-25,Abril,BTT Lasarte Oria,https://runedia.mundodeportivo.com/carrera/btt-lasarte-oria-2021/202113220/,"Guipuzkoa, Lasarte",Btt,25000 m,euskadi,2021
,Abril,Pagoeta Mendi Lasterketa - 8k,https://runedia.mundodeportivo.com/carrera/pagoeta-mendi-lasterketa-8k-2021/202113326/,"Guipuzkoa, Zarautz",Montaña,8000 m,euskadi,2021
S-1,Mayo,Brevet Randonneur 200K Club Ciclista Donostiarra,https://runedia.mundodeportivo.com/carrera/brevet-randonneur-200k-club-ciclista-donostiarra-2021/202113467/,"Guipuzkoa, San Sebastián",Bici Carretera,200000 m,euskadi,2021
S-1,Mayo,Andoaingo kross mixtoa,https://runedia.mundodeportivo.com/carrera/andoaingo-kross-mixtoa-2021/20213003/,"Guipuzkoa, Andoain",Asfalto,10000 m,euskadi,2021
S-1,Mayo,5ª Pedales de Hierro - corta,https://runedia.mundodeportivo.com/carrera/5-pedales-de-hierro-corta-2021/202113457/,"Vizcaya, Trapagaran",Btt,35000 m,euskadi,2021
S-1,Mayo,Andoaingo Santa Kruz Kross Herrikoia,https://runedia.mundodeportivo.com/carrera/andoaingo-santa-kruz-kross-herrikoia-2021/202113391/,"Guipuzkoa, Andoain",Asfalto,10000 m,euskadi,2021
S-1,Mayo,Balmasedako Emakumeen Saria,https://runedia.mundodeportivo.com/carrera/balmasedako-emakumeen-saria-2021/202113466/,"Vizcaya, Balmaseda",Bici Carretera,73000 m,euskadi,2021
D-2,Mayo,Zarautz Herri Lasterketa,https://runedia.mundodeportivo.com/carrera/zarautz-herri-lasterketa-2021/202113782/,"Vizcaya, Zarautz",Asfalto,8200 m,euskadi,2021
D-2,Mayo,Bilbao MendiTrail - 32Km,https://runedia.mundodeportivo.com/carrera/bilbao-menditrail-32km-2021/202113576/,"Vizcaya, Bilbao",Montaña,32000 m,euskadi,2021
D-2,Mayo,Las 5 millas de Urumea,https://runedia.mundodeportivo.com/carrera/las-5-millas-de-urumea-2021/202113686/,"Guipuzkoa, San Sebastián",Asfalto,8000 m,euskadi,2021
D-2,Mayo,Carrera de las Empresas - Donostia,https://runedia.mundodeportivo.com/carrera/carrera-de-las-empresas-donostia-2021/202113594/,"Guipuzkoa, Donostia",Asfalto,9000 m,euskadi,2021
D-2,Mayo,Aiarako Mendi Duatloia,https://runedia.mundodeportivo.com/carrera/aiarako-mendi-duatloia-2021/202113575/,"Araba, Respaldiza",Duatlón,21750 m,euskadi,2021
D-2,Mayo,5ª Pedales de Hierro,https://runedia.mundodeportivo.com/carrera/5-pedales-de-hierro-2021/202113572/,"Vizcaya, Trapagaran",Btt,52000 m,euskadi,2021
D-2,Mayo,Bilbao MendiTrail - BTT,https://runedia.mundodeportivo.com/carrera/bilbao-menditrail-btt-2021/202113577/,"Vizcaya, Bilbao",Btt,35000 m,euskadi,2021
D-2,Mayo,Triatlon Bahia de Gorliz,https://runedia.mundodeportivo.com/carrera/triatlon-bahia-de-gorliz-2021/202113768/,"Vizcaya, Gorliz",Triatlón,28750 m,euskadi,2021
D-2,Mayo,Martxa BTT de Musakola,https://runedia.mundodeportivo.com/carrera/martxa-btt-de-musakola-2021/202113702/,"Guipuzkoa, Arrasate",Btt,33000 m,euskadi,2021
D-2,Mayo,Kanpezu Ioar Mendi Maratoia,https://runedia.mundodeportivo.com/carrera/kanpezu-ioar-mendi-maratoia-2021/202113679/,"Araba, Santikurutze Kanpezu",Montaña,28000 m,euskadi,2021
D-2,Mayo,Izazpiko Igorea,https://runedia.mundodeportivo.com/carrera/izazpiko-igorea-2021/202113678/,"Guipuzkoa, Ezkio",Montaña,6300 m,euskadi,2021
S-8,Mayo,Carrera Obstáculos Urbanos Bridgestone Larga,https://runedia.mundodeportivo.com/carrera/carrera-obstaculos-urbanos-bridgestone-larga-2021/202113816/,"Vizcaya, Basauri",Obstáculos,11000 m,euskadi,2021
S-8,Mayo,Extreme Oztopo Lasterketa,https://runedia.mundodeportivo.com/carrera/extreme-oztopo-lasterketa-2021/202113856/,"Vizcaya, Barakaldo",Montaña,4500 m,euskadi,2021
,Mayo,Segura Zerain Mendi Lasterketa Trail,https://runedia.mundodeportivo.com/carrera/segura-zerain-mendi-lasterketa-trail-2021/202113540/,"Guipuzkoa, Segura-Zerain",Montaña,25000 m,euskadi,2021
S-8,Mayo,Segura-Zerain Sprint,https://runedia.mundodeportivo.com/carrera/segura-zerain-sprint-2021/202113541/,"Guipuzkoa, Segura-Zerain",Montaña,15000 m,euskadi,2021
S-8,Mayo,Brevet Randonneur 300K Sociedad Ciclista Bilbaína,https://runedia.mundodeportivo.com/carrera/brevet-randonneur-300k-sociedad-ciclista-bilbaina-2021/202113805/,"Vizcaya, Bilbao",Bici Carretera,300000 m,euskadi,2021
S-8,Mayo,Zeberio Harana Mendi Martxa,https://runedia.mundodeportivo.com/carrera/zeberio-harana-mendi-martxa-2021/202113919/,"Vizcaya, Zeberio",Montaña,48000 m,euskadi,2021
S-8,Mayo,Carrera Obstáculos Urbanos Brigestone Corta / Infantil,https://runedia.mundodeportivo.com/carrera/carrera-obstaculos-urbanos-brigestone-corta-infantil-2021/202113817/,"Vizcaya, Basauri",Obstáculos,4000 m,euskadi,2021
D-9,Mayo,Gernika-Lumoko Mendi Jaia - Caminata,https://runedia.mundodeportivo.com/carrera/gernika-lumoko-mendi-jaia-caminata-2021/202114059/,"Vizcaya, Gernika",Caminata,19000 m,euskadi,2021
D-9,Mayo,EDP Vitoria-Gasteiz Media Maratón Martín Fiz,https://runedia.mundodeportivo.com/carrera/edp-vitoria-gasteiz-media-maraton-martin-fiz-2021/202114053/,"Araba, Vitoria-Gasteiz",Asfalto,21097 m,euskadi,2021
,Mayo,Otala Zelai herrikoia,https://runedia.mundodeportivo.com/carrera/otala-zelai-herrikoia-2021/202114137/,"Guipuzkoa, Aretxabaleta",Asfalto,8000 m,euskadi,2021
D-9,Mayo,Gernika-Lumoko Mendi Jaia - BTT,https://runedia.mundodeportivo.com/carrera/gernika-lumoko-mendi-jaia-btt-2021/202114058/,"Vizcaya, Gernika",Btt,33000 m,euskadi,2021
D-9,Mayo,Gernika-Lumoko Mendi Jaia - Montaña,https://runedia.mundodeportivo.com/carrera/gernika-lumoko-mendi-jaia-montana-2021/202114060/,"Vizcaya, Gernika",Montaña,18000 m,euskadi,2021
D-9,Mayo,EDP Vitoria-Gasteiz Media Maratón Martín Fiz. ROLLER,https://runedia.mundodeportivo.com/carrera/edp-vitoria-gasteiz-media-maraton-martin-fiz-roller-2021/202114054/,"Araba, Vitoria-Gasteiz",Otros,21000 m,euskadi,2021
D-9,Mayo,10km EDP Vitoria-Gasteiz Maratón Martín Fiz,https://runedia.mundodeportivo.com/carrera/10km-edp-vitoria-gasteiz-maraton-martin-fiz-2021/202113926/,"Araba, Vitoria-Gasteiz",Asfalto,10500 m,euskadi,2021
D-9,Mayo,EDP Vitoria-Gasteiz Maratón Txiki Martín Fiz 2020 (750 m),https://runedia.mundodeportivo.com/carrera/edp-vitoria-gasteiz-maraton-txiki-martin-fiz-2020-750-m-2021/202114052/,"Araba, Vitoria-Gasteiz",Asfalto,750 m,euskadi,2021
D-9,Mayo,Carrera contra el cáncer San Sebastián,https://runedia.mundodeportivo.com/carrera/carrera-contra-el-cancer-san-sebastian-2021/202113965/,"Guipuzkoa, San Sebastián",Asfalto,7000 m,euskadi,2021
D-9,Mayo,EDP Vitoria-Gasteiz Maratón Martín Fiz. ROLLER,https://runedia.mundodeportivo.com/carrera/edp-vitoria-gasteiz-maraton-martin-fiz-roller-2021/202114051/,"Araba, Vitoria-Gasteiz",Otros,42195 m,euskadi,2021
S-15,Mayo,Oxfam Intermón Trailwalker,https://runedia.mundodeportivo.com/carrera/oxfam-intermon-trailwalker-2021/202114334/,"Araba, Vitoria",Otros,100000 m,euskadi,2021
S-15,Mayo,Carrera solidaria Bridgestone Basauri,https://runedia.mundodeportivo.com/carrera/carrera-solidaria-bridgestone-basauri-2021/202114277/,"Vizcaya, Basauri",Asfalto,10000 m,euskadi,2021
S-15,Mayo,Oxfam Intermón Trailwalker Euskadi,https://runedia.mundodeportivo.com/carrera/oxfam-intermon-trailwalker-euskadi-2021/202114335/,"Araba, Vitoria-Gasteiz",Caminata,100000 m,euskadi,2021
S-15,Mayo,Ioar Martxa,https://runedia.mundodeportivo.com/carrera/ioar-martxa-2021/202114319/,"Araba, Campezo/Kanpezu",Btt,69000 m,euskadi,2021
D-16,Mayo,21K Medio Maratón Puente Bizkaia - 21K Bizkaia Zubiko Maratoi Erdia - Roller,https://runedia.mundodeportivo.com/carrera/21k-medio-maraton-puente-bizkaia-21k-bizkaia-zubiko-maratoi-erdia-roller-2021/202114386/,"Vizcaya, Portugalete - Getxo",Asfalto,21097 m,euskadi,2021
D-16,Mayo,Emakumeen Martxa,https://runedia.mundodeportivo.com/carrera/emakumeen-martxa-2021/202114502/,"Vizcaya, Bilbao",Asfalto,9500 m,euskadi,2021
D-16,Mayo,Carrera popular de Campezo,https://runedia.mundodeportivo.com/carrera/carrera-popular-de-campezo-2021/202114441/,"Araba, Campezo",Asfalto,5700 m,euskadi,2021
D-16,Mayo,Herri krosa. Memorial Alejandro Rodriguez. 10.5K,https://runedia.mundodeportivo.com/carrera/herri-krosa-memorial-alejandro-rodriguez-105k-2021/202114511/,"Guipuzkoa, Soraluze",Asfalto,10500 m,euskadi,2021
D-16,Mayo,Hondarribia 10km,https://runedia.mundodeportivo.com/carrera/hondarribia-10km-2021/202114516/,"Guipuzkoa, Hondarribia",Asfalto,10000 m,euskadi,2021
D-16,Mayo,21K Medio Maratón Puente Bizkaia - 21K Bizkaia Zubiko Maratoi Erdia,https://runedia.mundodeportivo.com/carrera/21k-medio-maraton-puente-bizkaia-21k-bizkaia-zubiko-maratoi-erdia-2021/202114385/,"Vizcaya, Portugalete - Getxo",Asfalto,21097 m,euskadi,2021
,Mayo,Lasterbidean Nazio Elkartasun  Lasterketa,https://runedia.mundodeportivo.com/carrera/lasterbidean-nazio-elkartasun-lasterketa-2021/202114538/,"Araba, Kanpezu",Asfalto,8300 m,euskadi,2021
D-16,Mayo,Ereñotzu mendi lasterketa,https://runedia.mundodeportivo.com/carrera/erenotzu-mendi-lasterketa-2021/202114504/,"Guipuzkoa, Hernani",Montaña,13000 m,euskadi,2021
D-16,Mayo,Herri krosa. Memorial Alejandro Rodriguez. 5K,https://runedia.mundodeportivo.com/carrera/herri-krosa-memorial-alejandro-rodriguez-5k-2021/202114512/,"Guipuzkoa, Soraluze",Asfalto,5000 m,euskadi,2021
D-16,Mayo,Soraluze Urban Trail,https://runedia.mundodeportivo.com/carrera/soraluze-urban-trail-2021/202114601/,"Guipuzkoa, Soraluze",Asfalto,10800 m,euskadi,2021
M-18,Mayo,Durango-Durango Emakumeen Saria,https://runedia.mundodeportivo.com/carrera/durango-durango-emakumeen-saria-2021/202114496/,"Vizcaya, Durango",Bici Carretera,100000 m,euskadi,2021
J-20,Mayo,Marcha de Montaña Karrantza Harana,https://runedia.mundodeportivo.com/carrera/marcha-de-montana-karrantza-harana-2021/202112336/,"Vizcaya, Valle de Carranza",Travesía,41000 m,euskadi,2021
V-21,Mayo,#Librelasterketa,https://runedia.mundodeportivo.com/carrera/librelasterketa-2021/202114681/,"Guipuzkoa, Donostia",Asfalto,6000 m,euskadi,2021
S-22,Mayo,Mitxarro Bira Mendi Lasterketa,https://runedia.mundodeportivo.com/carrera/mitxarro-bira-mendi-lasterketa-2021/202114781/,"Araba, Araia",Montaña,27600 m,euskadi,2021
S-22,Mayo,WWT Emakumeen XXXI. Bira,https://runedia.mundodeportivo.com/carrera/wwt-emakumeen-xxxi-bira-2021/202114696/,"Guipuzkoa, legazpi",Bici Carretera,1000000 m,euskadi,2021
S-22,Mayo,Amara Berriko Euskararen Aldeko Krosa - 6Km Abkrossa,https://runedia.mundodeportivo.com/carrera/amara-berriko-euskararen-aldeko-krosa-6km-abkrossa-2021/202114713/,"Guipuzkoa, Amara",Asfalto,6000 m,euskadi,2021
S-22,Mayo,Urola Garaia Xtrem. 40K,https://runedia.mundodeportivo.com/carrera/urola-garaia-xtrem-40k-2021/202114803/,"Guipuzkoa, Urretxu",Btt,40000 m,euskadi,2021
S-22,Mayo,Orbea Gran Fondo Vitoria-Gasteiz,https://runedia.mundodeportivo.com/carrera/orbea-gran-fondo-vitoria-gasteiz-2021/202114782/,"Araba, Vitoria-Gasteiz",Bici Carretera,166000 m,euskadi,2021
S-22,Mayo,Amara Berriko Euskararen Aldeko Krosa - 3Km Abkrossa,https://runedia.mundodeportivo.com/carrera/amara-berriko-euskararen-aldeko-krosa-3km-abkrossa-2021/202114712/,"Guipuzkoa, Amara",Asfalto,3000 m,euskadi,2021
S-22,Mayo,UROLA GARAIA XTREM,https://runedia.mundodeportivo.com/carrera/urola-garaia-xtrem-2021/202114802/,"Guipuzkoa, Urretxu",Btt,80000 m,euskadi,2021
S-22,Mayo,Zegama-Aizkorri KV,https://runedia.mundodeportivo.com/carrera/zegama-aizkorri-kv-2021/202114808/,"Guipuzkoa, Zegama",Montaña,3250 m,euskadi,2021
S-22,Mayo,Donostia-Hondarribia Talaia Bidea,https://runedia.mundodeportivo.com/carrera/donostia-hondarribia-talaia-bidea-2021/202114688/,"Guipuzkoa, Donostia-San Sebastian",Montaña,30800 m,euskadi,2021
D-23,Mayo,Carrera popular Juntas Generales,https://runedia.mundodeportivo.com/carrera/carrera-popular-juntas-generales-2021/202114838/,"Araba, Murguia",Asfalto,5000 m,euskadi,2021
D-23,Mayo,Talai-Mendi Trail,https://runedia.mundodeportivo.com/carrera/talai-mendi-trail-2021/202154195/,"Guipuzkoa, Orio",Montaña,14000 m,euskadi,2021
D-23,Mayo,Zegama-Aizkorri Virtual,https://runedia.mundodeportivo.com/carrera/zegama-aizkorri-virtual-2021/202135776/,"Guipuzkoa,",,42000 m,euskadi,2021
S-29,Mayo,San Fermin Jaietako Krosa,https://runedia.mundodeportivo.com/carrera/san-fermin-jaietako-krosa-2021/202114970/,"Guipuzkoa, Pasaia",Asfalto,6590 m,euskadi,2021
S-5,Junio,Martxa txiki- Galdames Mendi Bira,https://runedia.mundodeportivo.com/carrera/martxa-txiki-galdames-mendi-bira-2021/202115242/,"Vizcaya, Galdames",Caminata,34000 m,euskadi,2021
S-5,Junio,Zaldibiako Mendi Lasterketa - 27km,https://runedia.mundodeportivo.com/carrera/zaldibiako-mendi-lasterketa-27km-2021/202115335/,"Guipuzkoa, Zaldibia",Montaña,27000 m,euskadi,2021
S-5,Junio,EuskadiExtrem 100km,https://runedia.mundodeportivo.com/carrera/euskadiextrem-100km-2021/202115187/,"Guipuzkoa, Vitoria-Gasteiz",Btt,100000 m,euskadi,2021
S-5,Junio,Korre Music Night,https://runedia.mundodeportivo.com/carrera/korre-music-night-2021/202115212/,"Guipuzkoa, Guipuzkoa",Asfalto,10000 m,euskadi,2021
S-5,Junio,Eusko Bike Challenge - Corta,https://runedia.mundodeportivo.com/carrera/eusko-bike-challenge-corta-2021/202115189/,"Araba, Santa Cruz de Campezo",Btt,70000 m,euskadi,2021
,Junio,16.zornotzako Herri Lasterketa,https://runedia.mundodeportivo.com/carrera/16zornotzako-herri-lasterketa-2021/202115079/,"Vizcaya, Amorebieta",Asfalto,7600 m,euskadi,2021
,Junio,16.carrera Popular de Amorebieta,https://runedia.mundodeportivo.com/carrera/16carrera-popular-de-amorebieta-2021/20212823/,"Vizcaya, Amorebieta",Asfalto,7000 m,euskadi,2021
S-5,Junio,Marcha corta -Galdames Mendi Bira- martxa laburra,https://runedia.mundodeportivo.com/carrera/marcha-corta-galdames-mendi-bira-martxa-laburra-2021/202115239/,"Vizcaya, Galdames",Caminata,16000 m,euskadi,2021
S-5,Junio,Carrera-Galdames mendi bira-lasterketa,https://runedia.mundodeportivo.com/carrera/carrera-galdames-mendi-bira-lasterketa-2021/202115147/,"Vizcaya, Galdames",Montaña,34000 m,euskadi,2021
S-5,Junio,Zaldibiako Mendi Lasterketa - 15km,https://runedia.mundodeportivo.com/carrera/zaldibiako-mendi-lasterketa-15km-2021/202115334/,"Guipuzkoa, Zaldibia",Asfalto,15000 m,euskadi,2021
S-5,Junio,EuskadiExtrem 50km,https://runedia.mundodeportivo.com/carrera/euskadiextrem-50km-2021/202115188/,"Guipuzkoa, Vitoria-Gasteiz",Btt,50000 m,euskadi,2021
S-5,Junio,Eusko Bike Challenge - Larga,https://runedia.mundodeportivo.com/carrera/eusko-bike-challenge-larga-2021/202115190/,"Araba, Santa Cruz de Campezo",Btt,115000 m,euskadi,2021
S-5,Junio,Brevet Randonneur 400k S.C.Bilbaina,https://runedia.mundodeportivo.com/carrera/brevet-randonneur-400k-scbilbaina-2021/202115096/,"Vizcaya, Bilbao",Bici Carretera,400000 m,euskadi,2021
S-5,Junio,Marcha larga -Galdames Mendi Bira- martxa luzea,https://runedia.mundodeportivo.com/carrera/marcha-larga-galdames-mendi-bira-martxa-luzea-2021/202115240/,"Vizcaya, Galdames",Caminata,34000 m,euskadi,2021
S-5,Junio,CronoEscalada de Ortuella-Memorial Txemi Tejedor,https://runedia.mundodeportivo.com/carrera/cronoescalada-de-ortuella-memorial-txemi-tejedor-2021/202115154/,"Vizcaya, Ortuella",Montaña,1300 m,euskadi,2021
,Junio,Gran Fondo Bibe Transbizkaia,https://runedia.mundodeportivo.com/carrera/gran-fondo-bibe-transbizkaia-2021/202115516/,"Vizcaya, Durango",Bici Carretera,178000 m,euskadi,2021
D-6,Junio,Kosta Trail - Marcha de montaña,https://runedia.mundodeportivo.com/carrera/kosta-trail-marcha-de-montana-2021/202115536/,"Vizcaya, Sopela",Montaña,20000 m,euskadi,2021
D-6,Junio,Kosta Trail - Medio Maratón de Montaña,https://runedia.mundodeportivo.com/carrera/kosta-trail-medio-maraton-de-montana-2021/202115538/,"Vizcaya, Sopela",Montaña,21097 m,euskadi,2021
D-6,Junio,Arratiako Maratoi Txikia,https://runedia.mundodeportivo.com/carrera/arratiako-maratoi-txikia-2021/202115359/,"Vizcaya, Zeanuri-Igorre",Asfalto,11000 m,euskadi,2021
,Junio,Cronoescalada Bibe Transbizkaia,https://runedia.mundodeportivo.com/carrera/cronoescalada-bibe-transbizkaia-2021/202115465/,"Vizcaya, Durango",Bici Carretera,5800 m,euskadi,2021
D-6,Junio,Carrera Solidaria Zelaia,https://runedia.mundodeportivo.com/carrera/carrera-solidaria-zelaia-2021/202115448/,"Guipuzkoa, Irun",Montaña,6850 m,euskadi,2021
D-6,Junio,Marcha Etxeondo - 11 Cimas - Abraham Olano,https://runedia.mundodeportivo.com/carrera/marcha-etxeondo-11-cimas-abraham-olano-2021/202115569/,"Guipuzkoa, Tolosa",Bici Carretera,200000 m,euskadi,2021
D-6,Junio,Medio Fondo Bibe Transbizkaia,https://runedia.mundodeportivo.com/carrera/medio-fondo-bibe-transbizkaia-2021/202115588/,"Vizcaya, Durango",Bici Carretera,122000 m,euskadi,2021
,Junio,Gran Fondo Bibe Transbizkaia,https://runedia.mundodeportivo.com/carrera/gran-fondo-bibe-transbizkaia-2021/202115516/,"Vizcaya, Durango",Bici Carretera,178000 m,euskadi,2021
,Junio,Cronoescalada Bibe Transbizkaia,https://runedia.mundodeportivo.com/carrera/cronoescalada-bibe-transbizkaia-2021/202115465/,"Vizcaya, Durango",Bici Carretera,5800 m,euskadi,2021
D-6,Junio,Arratiako Maratoi Txikia,https://runedia.mundodeportivo.com/carrera/arratiako-maratoi-txikia-2021/202115359/,"Vizcaya, Zeanuri-Igorre",Asfalto,11000 m,euskadi,2021
D-6,Junio,Kosta Trail - Medio Maratón de Montaña,https://runedia.mundodeportivo.com/carrera/kosta-trail-medio-maraton-de-montana-2021/202115538/,"Vizcaya, Sopela",Montaña,21097 m,euskadi,2021
D-6,Junio,Kosta Trail - Marcha de montaña,https://runedia.mundodeportivo.com/carrera/kosta-trail-marcha-de-montana-2021/202115536/,"Vizcaya, Sopela",Montaña,20000 m,euskadi,2021
D-6,Junio,Galdaramiñoko Mendi Lasterketa,https://runedia.mundodeportivo.com/carrera/galdaraminoko-mendi-lasterketa-2021/202115514/,"Guipuzkoa, Eibar",Montaña,18000 m,euskadi,2021
,Junio,Arnoko Mendi Lasterketa,https://runedia.mundodeportivo.com/carrera/arnoko-mendi-lasterketa-2021/202115358/,"Guipuzkoa, Mutriku",Montaña,22000 m,euskadi,2021
D-6,Junio,Xabier Ortiz de Luzuriaga BTT,https://runedia.mundodeportivo.com/carrera/xabier-ortiz-de-luzuriaga-btt-2021/202115748/,"Guipuzkoa, Legazpi",Btt,37000 m,euskadi,2021
D-6,Junio,Zegama Aizkorri maratoia,https://runedia.mundodeportivo.com/carrera/zegama-aizkorri-maratoia-2021/20213227/,"Guipuzkoa, Zegama",Montaña,42195 m,euskadi,2021
D-6,Junio,Fortuna Mendi Ibilaldia,https://runedia.mundodeportivo.com/carrera/fortuna-mendi-ibilaldia-2021/202115513/,"Guipuzkoa, Lizartza (Gipuzkoa)",Travesía,42000 m,euskadi,2021
D-6,Junio,Cross popular de Herrera,https://runedia.mundodeportivo.com/carrera/cross-popular-de-herrera-2021/20212681/,"Guipuzkoa, Donostia-San Sebastián",Cross,6000 m,euskadi,2021
,Junio,Memorial Jose Manuel Fernandez Arza - Josito,https://runedia.mundodeportivo.com/carrera/memorial-jose-manuel-fernandez-arza-josito-2021/202115591/,"Araba, Llodio",Asfalto,10000 m,euskadi,2021
D-6,Junio,Egileta-Dulantzi - Marcha Nórdica,https://runedia.mundodeportivo.com/carrera/egileta-dulantzi-marcha-nordica-2021/202115504/,"Araba, Egileta",Montaña,11000 m,euskadi,2021
D-6,Junio,Cross Armentia Ikastola,https://runedia.mundodeportivo.com/carrera/cross-armentia-ikastola-2021/202115467/,"Araba, Vitoria-Gasteiz",Cross,6200 m,euskadi,2021
D-6,Junio,"Carrera de la Mujer, día contra la violencia de genero",https://runedia.mundodeportivo.com/carrera/carrera-de-la-mujer-dia-contra-la-violencia-de-genero-2021/202122911/,"Vizcaya, Durango",Asfalto,5000 m,euskadi,2021
D-6,Junio,Run 4 Parkinson Portugalete - Barakaldo,https://runedia.mundodeportivo.com/carrera/run-4-parkinson-portugalete-barakaldo-2021/202115640/,"Vizcaya, Portugalete",Asfalto,6800 m,euskadi,2021
D-6,Junio,Travesía Solidaria Playa de la Bola,https://runedia.mundodeportivo.com/carrera/travesia-solidaria-playa-de-la-bola-2021/202115706/,"Vizcaya, Getxo",Natación,1000 m,euskadi,2021
D-6,Junio,La carrera de la Ría,https://runedia.mundodeportivo.com/carrera/la-carrera-de-la-ria-2021/202115540/,"Vizcaya, Bilbao",Asfalto,8000 m,euskadi,2021
D-6,Junio,Kosta Trail - Marcha familiar,https://runedia.mundodeportivo.com/carrera/kosta-trail-marcha-familiar-2021/202115537/,"Vizcaya, Sopela",Montaña,10000 m,euskadi,2021
D-6,Junio,Kosta Trail - Carrera de montaña 30k,https://runedia.mundodeportivo.com/carrera/kosta-trail-carrera-de-montana-30k-2021/202115535/,"Vizcaya, Sopela",Montaña,30000 m,euskadi,2021
D-6,Junio,Run for parkinson - Barakaldo,https://runedia.mundodeportivo.com/carrera/run-for-parkinson-barakaldo-2021/202115642/,"Vizcaya, Barakaldo",Asfalto,10000 m,euskadi,2021
M-8,Junio,Marcha BTT Mercedes-Benz,https://runedia.mundodeportivo.com/carrera/marcha-btt-mercedes-benz-2021/202119642/,"Araba, Vitoria-Gasteiz",Btt,40000 m,euskadi,2021
V-11,Junio,Los Montes de Vitoria - irekia (por libre),https://runedia.mundodeportivo.com/carrera/los-montes-de-vitoria-irekia-por-libre-2021/202154215/,"Araba, Vitoria-Gasteiz",Montaña,62310 m,euskadi,2021
S-12,Junio,Urrestilla Herri Krosa,https://runedia.mundodeportivo.com/carrera/urrestilla-herri-krosa-2021/202115927/,"Guipuzkoa, Urrestilla",Asfalto,8000 m,euskadi,2021
S-12,Junio,Galipa Mendi Bira,https://runedia.mundodeportivo.com/carrera/galipa-mendi-bira-2021/202115515/,"Vizcaya, Zierbena",Montaña,21100 m,euskadi,2021
S-12,Junio,MDKSWIM,https://runedia.mundodeportivo.com/carrera/mdkswim-2021/202115883/,"Vizcaya, Mundaka",Natación,2500 m,euskadi,2021
S-12,Junio,Gaztañoko Krosa,https://runedia.mundodeportivo.com/carrera/gaztanoko-krosa-2021/202115849/,"Guipuzkoa, Errenteria / Orereta",Cross,6000 m,euskadi,2021
S-12,Junio,Urrestillako San Juan Krosa,https://runedia.mundodeportivo.com/carrera/urrestillako-san-juan-krosa-2021/202115928/,"Guipuzkoa, Urrestilla",Montaña,8850 m,euskadi,2021
S-12,Junio,Jabi Amorrortu Martxa Zikloturista(RETÓ OIZ),https://runedia.mundodeportivo.com/carrera/jabi-amorrortu-martxa-zikloturistareto-oiz-2021/202115865/,"Vizcaya, Gernika-Lumo",Bici Carretera,155000 m,euskadi,2021
S-12,Junio,Carrera de montaña nocturna Gabez Takarraran,https://runedia.mundodeportivo.com/carrera/carrera-de-montana-nocturna-gabez-takarraran-2021/202115807/,"Guipuzkoa, Eskoriatza",Montaña,23100 m,euskadi,2021
D-13,Junio,Marcha Cicloturista Juanma Garate,https://runedia.mundodeportivo.com/carrera/marcha-cicloturista-juanma-garate-2021/202116050/,"Guipuzkoa, Irun",Bici Carretera,122000 m,euskadi,2021
D-13,Junio,Bizkaia Kopa Trail - Loiu - 10km,https://runedia.mundodeportivo.com/carrera/bizkaia-kopa-trail-loiu-10km-2021/202115956/,"Vizcaya, Loiu",Montaña,10040 m,euskadi,2021
D-13,Junio,Araiakrosa,https://runedia.mundodeportivo.com/carrera/araiakrosa-2021/20211888/,"Araba, Araia",Cross,6100 m,euskadi,2021
D-13,Junio,Tolosaldeko 3 Tontorrak - T3T,https://runedia.mundodeportivo.com/carrera/tolosaldeko-3-tontorrak-t3t-2021/202116103/,"Guipuzkoa, Tolosa",Montaña,43000 m,euskadi,2021
D-13,Junio,Tolosaldeko 2 Tontorrak -T2T,https://runedia.mundodeportivo.com/carrera/tolosaldeko-2-tontorrak-t2t-2021/202116102/,"Guipuzkoa, Tolosa",Montaña,24000 m,euskadi,2021
D-13,Junio,Arriarango Mendi Lasterketa - Xabier Mendizabalen - 23km,https://runedia.mundodeportivo.com/carrera/arriarango-mendi-lasterketa-xabier-mendizabalen-23km-2021/202115953/,"Guipuzkoa, Beasain",Montaña,23000 m,euskadi,2021
D-13,Junio,Atece Lasterketa Solidarioa,https://runedia.mundodeportivo.com/carrera/atece-lasterketa-solidarioa-2021/202115954/,"Guipuzkoa, Donostia",Pista,1000 m,euskadi,2021
D-13,Junio,Arriarango Mendi Lasterketa - Xabier Mendizabalen - 11km,https://runedia.mundodeportivo.com/carrera/arriarango-mendi-lasterketa-xabier-mendizabalen-11km-2021/202115952/,"Guipuzkoa, Beasain",Montaña,11000 m,euskadi,2021
D-13,Junio,Travesía Brazadas Solidarias -,https://runedia.mundodeportivo.com/carrera/travesia-brazadas-solidarias-2021/202116125/,"Araba, Vittoria",Natación,800 m,euskadi,2021
M-15,Junio,Naberan Herri Krosa,https://runedia.mundodeportivo.com/carrera/naberan-herri-krosa-2021/202116257/,"Vizcaya, Ondarroa",Montaña,6800 m,euskadi,2021
M-15,Junio,Carrera Bilbao-Bilbao Clásica 115km,https://runedia.mundodeportivo.com/carrera/carrera-bilbao-bilbao-clasica-115km-2021/202116163/,"Vizcaya, Bilbao",Btt,115000 m,euskadi,2021
M-15,Junio,Carrera Bilbao-Bilbao Vivero 125km,https://runedia.mundodeportivo.com/carrera/carrera-bilbao-bilbao-vivero-125km-2021/202116165/,"Vizcaya, Bilbao",Btt,125000 m,euskadi,2021
M-15,Junio,Carrera Bilbao-Bilbao corta 85km,https://runedia.mundodeportivo.com/carrera/carrera-bilbao-bilbao-corta-85km-2021/202116164/,"Vizcaya, Bilbao",Btt,85000 m,euskadi,2021
S-19,Junio,"Zestoako Herri Krosa - 8,5Km",https://runedia.mundodeportivo.com/carrera/zestoako-herri-krosa-85km-2021/202116347/,"Guipuzkoa, Zestoa",Asfalto,8500 m,euskadi,2021
S-19,Junio,Carrera Nocturna La Noche de San Juan,https://runedia.mundodeportivo.com/carrera/carrera-nocturna-la-noche-de-san-juan-2021/202116362/,"Araba, Vitoria",Asfalto,6000 m,euskadi,2021
S-19,Junio,San Martzialeko Igoera - Subida San Marcial,https://runedia.mundodeportivo.com/carrera/san-martzialeko-igoera-subida-san-marcial-2021/202116422/,"Guipuzkoa, Irun",Asfalto,3600 m,euskadi,2021
S-19,Junio,"Zestoako Herri Krosa - 2,6Km",https://runedia.mundodeportivo.com/carrera/zestoako-herri-krosa-26km-2021/202116346/,"Guipuzkoa, Zestoa",Asfalto,2600 m,euskadi,2021
S-19,Junio,Ilunabar Erronka / Desafio Solar,https://runedia.mundodeportivo.com/carrera/ilunabar-erronka-desafio-solar-2021/202116391/,"Araba, Amurrio",Btt,63000 m,euskadi,2021
S-19,Junio,Azeri Bila Herri Lasterketa,https://runedia.mundodeportivo.com/carrera/azeri-bila-herri-lasterketa-2021/20212673/,"Guipuzkoa, Hernani",Asfalto,8000 m,euskadi,2021
S-19,Junio,Legorretako XLI Corpus Christi Krossa,https://runedia.mundodeportivo.com/carrera/legorretako-xli-corpus-christi-krossa-2021/20212670/,"Guipuzkoa, Legorreta",Asfalto,7500 m,euskadi,2021
D-20,Junio,Igeldo Igoera,https://runedia.mundodeportivo.com/carrera/igeldo-igoera-2021/202116521/,"Guipuzkoa, San Sebastian",Asfalto,7000 m,euskadi,2021
D-20,Junio,Travesía Puerto Deportivo El Abra-Getxo 3k,https://runedia.mundodeportivo.com/carrera/travesia-puerto-deportivo-el-abra-getxo-3k-2021/202116595/,"Vizcaya, Getxo",Natación,3000 m,euskadi,2021
D-20,Junio,Zumaia Flysch Trail (31k),https://runedia.mundodeportivo.com/carrera/zumaia-flysch-trail-31k-2021/202116610/,"Guipuzkoa, Zumaia",Montaña,31000 m,euskadi,2021
D-20,Junio,Kolazinoko Mendi Eguna - BTT Martxa,https://runedia.mundodeportivo.com/carrera/kolazinoko-mendi-eguna-btt-martxa-2021/202116525/,"Vizcaya, Bedia",Btt,34000 m,euskadi,2021
D-20,Junio,Bizkaia Kopa Trail Corto - Dima,https://runedia.mundodeportivo.com/carrera/bizkaia-kopa-trail-corto-dima-2021/202123678/,"Vizcaya, Dima",Montaña,10000 m,euskadi,2021
D-20,Junio,Bizkaia Kopa Trail Largo - Dima,https://runedia.mundodeportivo.com/carrera/bizkaia-kopa-trail-largo-dima-2021/202123679/,"Vizcaya, Dima",Montaña,20000 m,euskadi,2021
D-20,Junio,"Travesía Puerto Deportivo El Abra-Getxo 1,5k",https://runedia.mundodeportivo.com/carrera/travesia-puerto-deportivo-el-abra-getxo-15k-2021/202116594/,"Vizcaya, Getxo",Natación,1500 m,euskadi,2021
D-20,Junio,Bizkaia Kopa Marcha Corta - Dima,https://runedia.mundodeportivo.com/carrera/bizkaia-kopa-marcha-corta-dima-2021/202123676/,"Vizcaya, Dima",Caminata,10000 m,euskadi,2021
D-20,Junio,Bizkaia Kopa Trail MTB - Dima,https://runedia.mundodeportivo.com/carrera/bizkaia-kopa-trail-mtb-dima-2021/202123681/,"Vizcaya, Dima",Btt,20000 m,euskadi,2021
D-20,Junio,Bizkaia Kopa Trail Marcha Larga - Dima,https://runedia.mundodeportivo.com/carrera/bizkaia-kopa-trail-marcha-larga-dima-2021/202123680/,"Vizcaya, Dima",Caminata,20000 m,euskadi,2021
M-22,Junio,Under Run Metro Bilbao,https://runedia.mundodeportivo.com/carrera/under-run-metro-bilbao-2021/202116733/,"Vizcaya, Bilbao",Otros,7800 m,euskadi,2021
J-24,Junio,Irimora Igoera,https://runedia.mundodeportivo.com/carrera/irimora-igoera-2021/202116741/,"Guipuzkoa, Urretxu",Asfalto,4000 m,euskadi,2021
S-26,Junio,XXXIX Prueba Ciclista Vitoria BH 2019,https://runedia.mundodeportivo.com/carrera/xxxix-prueba-ciclista-vitoria-bh-2019-2021/202116910/,"Araba, Vitoria-Gasteiz",Bici Carretera,205000 m,euskadi,2021
S-26,Junio,Marcha nórdica popular Media Rioja alavesa,https://runedia.mundodeportivo.com/carrera/marcha-nordica-popular-media-rioja-alavesa-2021/202116844/,"Araba, Navaridas - Leza - Villabuena",,7000 m,euskadi,2021
,Junio,Los Montes de Vitoria 2021,https://runedia.mundodeportivo.com/carrera/los-montes-de-vitoria-2021-2021/202154170/,"Araba, Vitoria-Gasteiz",Montaña,62310 m,euskadi,2021
S-26,Junio,Kilin Kala Igeri Zeharketa,https://runedia.mundodeportivo.com/carrera/kilin-kala-igeri-zeharketa-2021/202116836/,"Vizcaya, Lekeitio",Natación,1500 m,euskadi,2021
D-27,Junio,La Media de Rioja Alavesa (Patines) - 21Km,https://runedia.mundodeportivo.com/carrera/la-media-de-rioja-alavesa-patines-21km-2021/202116989/,"Araba, Samaniego",Otros,21000 m,euskadi,2021
D-27,Junio,Desafio de Guerreros Getxo - 6k,https://runedia.mundodeportivo.com/carrera/desafio-de-guerreros-getxo-6k-2021/202116965/,"Vizcaya, Getxo",Obstáculos,6000 m,euskadi,2021
D-27,Junio,La Media de Rioja Alavesa - 21Km,https://runedia.mundodeportivo.com/carrera/la-media-de-rioja-alavesa-21km-2021/202116991/,"Araba, Samaniego",Asfalto,21096 m,euskadi,2021
D-27,Junio,Encuentro Cicloturista Ciudad de Orduña,https://runedia.mundodeportivo.com/carrera/encuentro-cicloturista-ciudad-de-orduna-2021/202116977/,"Vizcaya, Orduña",Bici Carretera,120000 m,euskadi,2021
D-27,Junio,Desafió de Guerreros Getxo,https://runedia.mundodeportivo.com/carrera/desafio-de-guerreros-getxo-2021/202116964/,"Vizcaya, Getxo",Obstáculos,6000 m,euskadi,2021
D-27,Junio,Torreauzoko Herrikrossa,https://runedia.mundodeportivo.com/carrera/torreauzoko-herrikrossa-2021/20212686/,"Guipuzkoa, Oñati",Asfalto,7600 m,euskadi,2021
D-27,Junio,"La Media de Rioja Alavesa (Popular) - 8,6 km",https://runedia.mundodeportivo.com/carrera/la-media-de-rioja-alavesa-popular-86-km-2021/202116990/,"Araba, Samaniego",Tierra,8600 m,euskadi,2021
M-29,Junio,Orioko Herri Lasterketa 11km,https://runedia.mundodeportivo.com/carrera/orioko-herri-lasterketa-11km-2021/202117150/,"Guipuzkoa, Orio",Asfalto,11000 m,euskadi,2021
M-29,Junio,Orioko Herri Lasterketa 22k,https://runedia.mundodeportivo.com/carrera/orioko-herri-lasterketa-22k-2021/202117151/,"Guipuzkoa, Orio",Montaña,22000 m,euskadi,2021
J-1,Julio,Zornotzako Lasterketa (1-31 juliol),https://runedia.mundodeportivo.com/carrera/zornotzako-lasterketa-1-31-juliol-2021/202154270/,"Vizcaya, Amorebieta",,8000 m,euskadi,2021
S-3,Julio,Markina Atletismo Eguna,https://runedia.mundodeportivo.com/carrera/markina-atletismo-eguna-2021/202117339/,"Vizcaya, Markina bizkaia",Asfalto,7000 m,euskadi,2021
S-3,Julio,Txipiroi Trail,https://runedia.mundodeportivo.com/carrera/txipiroi-trail-2021/202117383/,"Vizcaya, Ea",Montaña,21000 m,euskadi,2021
S-3,Julio,Txipiroi Btt Extrem,https://runedia.mundodeportivo.com/carrera/txipiroi-btt-extrem-2021/202117381/,"Vizcaya, Ea",Btt,42000 m,euskadi,2021
S-3,Julio,Uxue Trail -  Luzea,https://runedia.mundodeportivo.com/carrera/uxue-trail-luzea-2021/202117385/,"Guipuzkoa, Usurbil",Montaña,20000 m,euskadi,2021
S-3,Julio,Survivor Race Vitoria-Gasteiz,https://runedia.mundodeportivo.com/carrera/survivor-race-vitoria-gasteiz-2021/202117269/,"Araba, Vitoria-Gasteiz",Obstáculos,10000 m,euskadi,2021
S-3,Julio,Txipiroi Btt Corta 17k,https://runedia.mundodeportivo.com/carrera/txipiroi-btt-corta-17k-2021/202117380/,"Vizcaya, Ea",Btt,17000 m,euskadi,2021
S-3,Julio,Lea-Artibai Klasikoa,https://runedia.mundodeportivo.com/carrera/lea-artibai-klasikoa-2021/202117335/,"Vizcaya, Markina-Xemein",Bici Carretera,110000 m,euskadi,2021
S-3,Julio,Aiara Btt,https://runedia.mundodeportivo.com/carrera/aiara-btt-2021/202114406/,"Araba, Ayala",Btt,600 m,euskadi,2021
S-3,Julio,Txipiroi Btt Larga 32km,https://runedia.mundodeportivo.com/carrera/txipiroi-btt-larga-32km-2021/202117382/,"Vizcaya, Ea",Btt,32000 m,euskadi,2021
S-3,Julio,Rio Urumea Natación,https://runedia.mundodeportivo.com/carrera/rio-urumea-natacion-2021/202117354/,"Guipuzkoa, Rio Urumea",Natación,2100 m,euskadi,2021
S-3,Julio,Uxue Trail - Motza,https://runedia.mundodeportivo.com/carrera/uxue-trail-motza-2021/202117386/,"Guipuzkoa, Usurbil",Montaña,11500 m,euskadi,2021
S-3,Julio,Peregaña Igoera,https://runedia.mundodeportivo.com/carrera/peregana-igoera-2021/202117350/,"Araba, Retes de LLanteno - Valle de Ayala",Montaña,11000 m,euskadi,2021
S-3,Julio,"Herri Krosa Solidaria Bastida 7,5 KM",https://runedia.mundodeportivo.com/carrera/herri-krosa-solidaria-bastida-75-km-2021/202117249/,"Araba, Labastida",Asfalto,7500 m,euskadi,2021
D-4,Julio,Debako Itxasmila Mutriku,https://runedia.mundodeportivo.com/carrera/debako-itxasmila-mutriku-2021/202117447/,"Guipuzkoa, Deba",Natación,3000 m,euskadi,2021
D-4,Julio,La Quadra Martxa Trail,https://runedia.mundodeportivo.com/carrera/la-quadra-martxa-trail-2021/202117462/,"Vizcaya, La Quadra",Travesía,22000 m,euskadi,2021
D-4,Julio,Cross de montaña de Kaletxiki,https://runedia.mundodeportivo.com/carrera/cross-de-montana-de-kaletxiki-2021/20212687/,"Guipuzkoa, Andoain",Montaña,10000 m,euskadi,2021
D-4,Julio,Añorgako Herri Krosa,https://runedia.mundodeportivo.com/carrera/anorgako-herri-krosa-2021/202117403/,"Guipuzkoa, Añorga Auzoa - Donostia",Asfalto,6000 m,euskadi,2021
D-4,Julio,La Quadra Mendi Lasterketa,https://runedia.mundodeportivo.com/carrera/la-quadra-mendi-lasterketa-2021/202117463/,"Vizcaya, La Quadra",Montaña,23500 m,euskadi,2021
S-10,Julio,Winnerman Barakaldo,https://runedia.mundodeportivo.com/carrera/winnerman-barakaldo-2021/202117673/,"Vizcaya, Barakaldo",Acuatlón,4000 m,euskadi,2021
S-10,Julio,KantoiKrit,https://runedia.mundodeportivo.com/carrera/kantoikrit-2021/202117618/,"Guipuzkoa, Oñati",Btt,10000 m,euskadi,2021
S-10,Julio,Goierriko 2 Haundiak (g2h),https://runedia.mundodeportivo.com/carrera/goierriko-2-haundiak-g2h-2021/202117614/,"Guipuzkoa, Beasain",Montaña,88000 m,euskadi,2021
D-11,Julio,"Travesía a nado Bahía de Plentzia1,7km",https://runedia.mundodeportivo.com/carrera/travesia-a-nado-bahia-de-plentzia17km-2021/202117756/,"Vizcaya, Plentzia",Natación,1700 m,euskadi,2021
D-11,Julio,Marimurumendi (mmm) mendi maratoia,https://runedia.mundodeportivo.com/carrera/marimurumendi-mmm-mendi-maratoia-2021/202117738/,"Guipuzkoa, Beasain",Montaña,42000 m,euskadi,2021
D-11,Julio,Travesía a nado Bahía de Plentzia,https://runedia.mundodeportivo.com/carrera/travesia-a-nado-bahia-de-plentzia-2021/202117755/,"Vizcaya, Plentzia",Natación,2700 m,euskadi,2021
D-11,Julio,Ehunmilak ultratrail (ehm),https://runedia.mundodeportivo.com/carrera/ehunmilak-ultratrail-ehm-2021/20212691/,"Guipuzkoa, Beasain",Montaña,168000 m,euskadi,2021
D-11,Julio,San Anton Bira Getariko Zeharkaldi,https://runedia.mundodeportivo.com/carrera/san-anton-bira-getariko-zeharkaldi-2021/202117749/,"Guipuzkoa, Getaria",Natación,2600 m,euskadi,2021
D-11,Julio,Iñaki Ruiz Mendi Lasterketa,https://runedia.mundodeportivo.com/carrera/inaki-ruiz-mendi-lasterketa-2021/202117720/,"Guipuzkoa, Soraluze - San Andres Auzoa",Montaña,21000 m,euskadi,2021
D-11,Julio,Maratón Alpine Galarleiz,https://runedia.mundodeportivo.com/carrera/maraton-alpine-galarleiz-2021/20210072/,"Vizcaya, San Pelayo (Burgos)",Montaña,42195 m,euskadi,2021
S-17,Julio,Cross popular Astigarraga,https://runedia.mundodeportivo.com/carrera/cross-popular-astigarraga-2021/202117848/,"Guipuzkoa, Astigarraga",Cross,7300 m,euskadi,2021
S-17,Julio,Travesía a nado de Txingudi,https://runedia.mundodeportivo.com/carrera/travesia-a-nado-de-txingudi-2021/202118563/,"Guipuzkoa, Hondarribia",Natación,2600 m,euskadi,2021
S-17,Julio,Travesía La Sardina - 11500m,https://runedia.mundodeportivo.com/carrera/travesia-la-sardina-11500m-2021/202117660/,"Vizcaya, Santurtzi",Natación,11500 m,euskadi,2021
D-18,Julio,Amurrio Trail lasterketa 22km,https://runedia.mundodeportivo.com/carrera/amurrio-trail-lasterketa-22km-2021/202117920/,"Araba, Amurrio",Montaña,22500 m,euskadi,2021
D-18,Julio,Travesia a nado Zarautz-Getaria-Zarautz,https://runedia.mundodeportivo.com/carrera/travesia-a-nado-zarautz-getaria-zarautz-2021/202118008/,"Guipuzkoa, Zarautz",Natación,5200 m,euskadi,2021
D-18,Julio,Santio Krosa-Villabona,https://runedia.mundodeportivo.com/carrera/santio-krosa-villabona-2021/202117988/,"Guipuzkoa, Villabona",Asfalto,7500 m,euskadi,2021
D-18,Julio,Aztiri Mendi Lasterketa,https://runedia.mundodeportivo.com/carrera/aztiri-mendi-lasterketa-2021/202117925/,"Guipuzkoa, Aztiria (Gabiria -Legazpi)",Montaña,11500 m,euskadi,2021
D-18,Julio,Amurrio Trail lasterketa 12km,https://runedia.mundodeportivo.com/carrera/amurrio-trail-lasterketa-12km-2021/202117919/,"Araba, Amurrio",Montaña,12000 m,euskadi,2021
D-18,Julio,Zornotzako Jai Lasterketa,https://runedia.mundodeportivo.com/carrera/zornotzako-jai-lasterketa-2021/202118037/,"Vizcaya, Zornotza",Asfalto,8000 m,euskadi,2021
,Julio,Cronoescalada al Argalario - Ciclistas vs runners,https://runedia.mundodeportivo.com/carrera/cronoescalada-al-argalario-ciclistas-vs-runners-2021/202117946/,"Vizcaya, Barakaldo",Bici Carretera,4600 m,euskadi,2021
D-18,Julio,Latsagien Itzulia,https://runedia.mundodeportivo.com/carrera/latsagien-itzulia-2021/202117964/,"Guipuzkoa, Uztaritze",Asfalto,10700 m,euskadi,2021
D-18,Julio,Amurrio Trail lasterketa 31km,https://runedia.mundodeportivo.com/carrera/amurrio-trail-lasterketa-31km-2021/202117921/,"Araba, Amurrio",Montaña,31500 m,euskadi,2021
,Julio,Cronoescalada al Argalario - Runners vs ciclistas,https://runedia.mundodeportivo.com/carrera/cronoescalada-al-argalario-runners-vs-ciclistas-2021/202117947/,"Vizcaya, Barakaldo",Montaña,4600 m,euskadi,2021
V-23,Julio,Gasteiz-Iruñea -  Basque Ultra Trail Series 130k,https://runedia.mundodeportivo.com/carrera/gasteiz-irunea-basque-ultra-trail-series-130k-2021/202111730/,"Vizcaya, Gasteiz-Iruñea",Montaña,130000 m,euskadi,2021
V-23,Julio,Ultra trail Gasteiz-Iruñea (II Circuito BUTS),https://runedia.mundodeportivo.com/carrera/ultra-trail-gasteiz-irunea-ii-circuito-buts-2021/202113446/,"Araba, Vitoria/Gasteiz",Montaña,130000 m,euskadi,2021
S-24,Julio,Cross Popular de Santiago - Irun,https://runedia.mundodeportivo.com/carrera/cross-popular-de-santiago-irun-2021/202118080/,"Guipuzkoa, Irun",Cross,8250 m,euskadi,2021
S-24,Julio,Xterra Legutio,https://runedia.mundodeportivo.com/carrera/xterra-legutio-2021/202118141/,"Araba, Legutio",Triatlón,41500 m,euskadi,2021
S-24,Julio,BUTS TXIKI Andoin- Iruñea (Antsoain),https://runedia.mundodeportivo.com/carrera/buts-txiki-andoin-irunea-antsoain-2021/202154066/,"Araba, Vitoria",Montaña,75000 m,euskadi,2021
S-24,Julio,Areta Trail Lasterketa,https://runedia.mundodeportivo.com/carrera/areta-trail-lasterketa-2021/202118057/,"Araba, Areta - Llodio",Montaña,13000 m,euskadi,2021
D-25,Julio,Gorlizko Kronolgoera,https://runedia.mundodeportivo.com/carrera/gorlizko-kronolgoera-2021/202118088/,"Vizcaya, Gorliz",Bici Carretera,500 m,euskadi,2021
D-25,Julio,Travesía a nado del Embalse de Sta. Engracia,https://runedia.mundodeportivo.com/carrera/travesia-a-nado-del-embalse-de-sta-engracia-2021/202118210/,"Araba, Legutio",Natación,2000 m,euskadi,2021
D-25,Julio,Amarako Herri Krossa,https://runedia.mundodeportivo.com/carrera/amarako-herri-krossa-2021/202118150/,"Guipuzkoa, Donostia - San Sebastián",Asfalto,4200 m,euskadi,2021
D-25,Julio,Travesia a nado Getaria-Zarautz,https://runedia.mundodeportivo.com/carrera/travesia-a-nado-getaria-zarautz-2021/202118005/,"Guipuzkoa, zarautz",Natación,2850 m,euskadi,2021
D-25,Julio,98 Prueba Villafranca-Ordiziako Klasika,https://runedia.mundodeportivo.com/carrera/98-prueba-villafranca-ordiziako-klasika-2021/202118052/,"Guipuzkoa, Ordizia",Bici Carretera,165700 m,euskadi,2021
D-25,Julio,Loiolako Jaietako Krossa,https://runedia.mundodeportivo.com/carrera/loiolako-jaietako-krossa-2021/202118183/,"Guipuzkoa, Loiola - Donostia",Cross,6400 m,euskadi,2021
D-25,Julio,Txipiroi swim,https://runedia.mundodeportivo.com/carrera/txipiroi-swim-2021/202118228/,"Vizcaya, Ea",Natación,3000 m,euskadi,2021
D-25,Julio,Carrera memorial Roberto Cabrejas,https://runedia.mundodeportivo.com/carrera/carrera-memorial-roberto-cabrejas-2021/202118158/,"Guipuzkoa, Andoain",Asfalto,6600 m,euskadi,2021
V-30,Julio,Clasica Ciclista San Sebastian,https://runedia.mundodeportivo.com/carrera/clasica-ciclista-san-sebastian-2021/202118271/,"Guipuzkoa, San Sebastian",Bici Carretera,100000 m,euskadi,2021
D-1,Agosto,Adunako Kross Herrikoia,https://runedia.mundodeportivo.com/carrera/adunako-kross-herrikoia-2021/202118340/,"Guipuzkoa, Aduna",Asfalto,4500 m,euskadi,2021
D-1,Agosto,Gora Xanistebanak Kros Herrikoia,https://runedia.mundodeportivo.com/carrera/gora-xanistebanak-kros-herrikoia-2021/202118364/,"Guipuzkoa, Oiartzun",Asfalto,5000 m,euskadi,2021
D-1,Agosto,"Circuito de Getxo ""Memorial Hermanos Otxoa""",https://runedia.mundodeportivo.com/carrera/circuito-de-getxo-memorial-hermanos-otxoa-2021/202118236/,"Vizcaya, Getxo",Bici Carretera,100000 m,euskadi,2021
S-7,Agosto,Travesía de Verano de Getxo,https://runedia.mundodeportivo.com/carrera/travesia-de-verano-de-getxo-2021/202118488/,"Vizcaya, Getxo",Natación,2700 m,euskadi,2021
S-7,Agosto,Itziar Trail,https://runedia.mundodeportivo.com/carrera/itziar-trail-2021/202118294/,"Guipuzkoa, Itziar",Montaña,13900 m,euskadi,2021
S-7,Agosto,Travesía Itzurun Arrampla,https://runedia.mundodeportivo.com/carrera/travesia-itzurun-arrampla-2021/202118311/,"Guipuzkoa, Zumaia",Natación,3000 m,euskadi,2021
,Agosto,I. Trail Jamonero de Karrantza,https://runedia.mundodeportivo.com/carrera/i-trail-jamonero-de-karrantza-2021/202118292/,"Vizcaya, Karratza",Montaña,11000 m,euskadi,2021
S-7,Agosto,Malkar Kross Mendi Lasterketa,https://runedia.mundodeportivo.com/carrera/malkar-kross-mendi-lasterketa-2021/202118298/,"Guipuzkoa, Andoain",Montaña,10600 m,euskadi,2021
D-8,Agosto,Carrera nocturna Gaua Pitzu - Enciende la Noche,https://runedia.mundodeportivo.com/carrera/carrera-nocturna-gaua-pitzu-enciende-la-noche-2021/202118513/,"Guipuzkoa, San Sebastián",Asfalto,5000 m,euskadi,2021
S-14,Agosto,Bizikrossa Piraten - 6Km,https://runedia.mundodeportivo.com/carrera/bizikrossa-piraten-6km-2021/202118607/,"Guipuzkoa, Donostia",Asfalto,6400 m,euskadi,2021
S-14,Agosto,Bizikrossa Piraten - 3Km,https://runedia.mundodeportivo.com/carrera/bizikrossa-piraten-3km-2021/202118606/,"Guipuzkoa, Donostia",Asfalto,3200 m,euskadi,2021
S-14,Agosto,San Roke Kros Igoera,https://runedia.mundodeportivo.com/carrera/san-roke-kros-igoera-2021/202118663/,"Guipuzkoa, Andoain",Montaña,11000 m,euskadi,2021
,Agosto,Travesía a nado del Paseo Nuevo - Paseo Berriko Zeharkaldia,https://runedia.mundodeportivo.com/carrera/travesia-a-nado-del-paseo-nuevo-paseo-berriko-zeharkaldia-2021/202118678/,"Guipuzkoa, Donostia-San Sebastián",Natación,2959 m,euskadi,2021
S-21,Agosto,Memorial Bernardo Arzalluz,https://runedia.mundodeportivo.com/carrera/memorial-bernardo-arzalluz-2021/202118817/,"Guipuzkoa, Astigarraga",Asfalto,10000 m,euskadi,2021
D-22,Agosto,Aste Nagusia XXII. Hiri Krosa,https://runedia.mundodeportivo.com/carrera/aste-nagusia-xxii-hiri-krosa-2021/202118861/,"Vizcaya, Bilbao",Asfalto,6000 m,euskadi,2021
,Agosto,Travesía a nado La Isla,https://runedia.mundodeportivo.com/carrera/travesia-a-nado-la-isla-2021/202118921/,"Guipuzkoa, San Sebastián",Natación,3000 m,euskadi,2021
S-28,Agosto,Subida Guadalupe Igoera,https://runedia.mundodeportivo.com/carrera/subida-guadalupe-igoera-2021/202118995/,"Guipuzkoa, Hondarribia",Asfalto,4720 m,euskadi,2021
D-29,Agosto,Carrera Vertical Ganguren Ziztu Bizian,https://runedia.mundodeportivo.com/carrera/carrera-vertical-ganguren-ziztu-bizian-2021/202119217/,"Vizcaya, Lezama",Montaña,3000 m,euskadi,2021
D-29,Agosto,Lezamako Mugetatik,https://runedia.mundodeportivo.com/carrera/lezamako-mugetatik-2021/20212830/,"Vizcaya, Lezama",Montaña,25000 m,euskadi,2021
,Septiembre,Ubieta Igoera,https://runedia.mundodeportivo.com/carrera/ubieta-igoera-2021/202119142/,"Vizcaya, Zalla",Montaña,16000 m,euskadi,2021
S-4,Septiembre,"Salome Campos Igeriketa - 1,5Km",https://runedia.mundodeportivo.com/carrera/salome-campos-igeriketa-15km-2021/202119113/,"Vizcaya, Bermeo",Natación,1500 m,euskadi,2021
S-4,Septiembre,Urgull Gazteluko Krosa,https://runedia.mundodeportivo.com/carrera/urgull-gazteluko-krosa-2021/202119145/,"Guipuzkoa, Donostia",Cross,4200 m,euskadi,2021
S-4,Septiembre,"Salome Campos Igeriketa - 500m, 1.500m y 5.000m",https://runedia.mundodeportivo.com/carrera/salome-campos-igeriketa-500m-1500m-y-5000m-2021/202119114/,"Vizcaya, Bermeo",Natación,5000 m,euskadi,2021
S-4,Septiembre,Travesía Embalse Ullibarri-Gamboa,https://runedia.mundodeportivo.com/carrera/travesia-embalse-ullibarri-gamboa-2021/202118012/,"Araba, Ullibarri-Gamboa",Natación,2500 m,euskadi,2021
D-5,Septiembre,Carrera solidaria Bridgestone Basauri - 4k,https://runedia.mundodeportivo.com/carrera/carrera-solidaria-bridgestone-basauri-4k-2021/202119211/,"Vizcaya, Basauri",Asfalto,4000 m,euskadi,2021
D-5,Septiembre,Bizkaia Kopa Trail Larga (21Km) - Trapagaran,https://runedia.mundodeportivo.com/carrera/bizkaia-kopa-trail-larga-21km-trapagaran-2021/202119171/,"Vizcaya, Trapagaran",Montaña,21000 m,euskadi,2021
D-5,Septiembre,Ponle Freno en Vitoria-Gasteiz,https://runedia.mundodeportivo.com/carrera/ponle-freno-en-vitoria-gasteiz-2021/202119319/,"Araba, Vitoria-Gasteiz",Asfalto,10000 m,euskadi,2021
D-5,Septiembre,Trapagaran Zugaztieta Igoera,https://runedia.mundodeportivo.com/carrera/trapagaran-zugaztieta-igoera-2021/202119255/,"Vizcaya, Trapagaran",Asfalto,7400 m,euskadi,2021
D-5,Septiembre,Marcha BTT  villa de Oyón-Oion (corta),https://runedia.mundodeportivo.com/carrera/marcha-btt-villa-de-oyon-oion-corta-2021/202119271/,"Araba, Oyón-Oion",Btt,40980 m,euskadi,2021
D-5,Septiembre,Bizkaia Kopa Trail Marcha Larga (21Km) - Trapagaran,https://runedia.mundodeportivo.com/carrera/bizkaia-kopa-trail-marcha-larga-21km-trapagaran-2021/202119172/,"Vizcaya, Trapagaran",Montaña,21000 m,euskadi,2021
D-5,Septiembre,Bizkaia Kopa MTB Marcha Larga (21Km) - Trapagaran,https://runedia.mundodeportivo.com/carrera/bizkaia-kopa-mtb-marcha-larga-21km-trapagaran-2021/202119168/,"Vizcaya, Trapagaran",Btt,21750 m,euskadi,2021
D-5,Septiembre,Subida Popular Usurbe,https://runedia.mundodeportivo.com/carrera/subida-popular-usurbe-2021/202119331/,"Guipuzkoa, Beasain",Montaña,4700 m,euskadi,2021
,Septiembre,Maratón de Montaña de Mendata,https://runedia.mundodeportivo.com/carrera/maraton-de-montana-de-mendata-2021/20212834/,"Vizcaya, Mendata",Montaña,42195 m,euskadi,2021
D-5,Septiembre,Ponle Freno en Vitoria-Gasteiz -5Km,https://runedia.mundodeportivo.com/carrera/ponle-freno-en-vitoria-gasteiz-5km-2021/202119320/,"Araba, Vitoria-Gasteiz",Asfalto,5450 m,euskadi,2021
D-5,Septiembre,Marcha BTT  villa de Oyón-Oion (larga),https://runedia.mundodeportivo.com/carrera/marcha-btt-villa-de-oyon-oion-larga-2021/202119272/,"Araba, Oyón-Oion",Btt,62000 m,euskadi,2021
D-5,Septiembre,Bizkaia Kopa Trail Corta (10Km) - Trapagaran,https://runedia.mundodeportivo.com/carrera/bizkaia-kopa-trail-corta-10km-trapagaran-2021/202119170/,"Vizcaya, Trapagaran",Montaña,10800 m,euskadi,2021
S-11,Septiembre,Euskal Herriko Mendi Duatloia - Igartza,https://runedia.mundodeportivo.com/carrera/euskal-herriko-mendi-duatloia-igartza-2021/202119467/,"Guipuzkoa, Igartza",Duatlón,22000 m,euskadi,2021
S-11,Septiembre,Mangaixue Bike BTT Martxa,https://runedia.mundodeportivo.com/carrera/mangaixue-bike-btt-martxa-2021/202119485/,"Guipuzkoa, Azkoitia",Btt,33000 m,euskadi,2021
S-11,Septiembre,Travesía a Nado del Club Deportivo - Ría de Bilbao - 2380m,https://runedia.mundodeportivo.com/carrera/travesia-a-nado-del-club-deportivo-ria-de-bilbao-2380m-2021/202119528/,"Vizcaya, Bilbao",Natación,2380 m,euskadi,2021
S-11,Septiembre,Salbadore Biatloia,https://runedia.mundodeportivo.com/carrera/salbadore-biatloia-2021/202119514/,"Guipuzkoa, Getaria",Acuatlón,4050 m,euskadi,2021
S-11,Septiembre,Euskal Herriko Mendi Duatloia - Igartza (Individual) (Relevos),https://runedia.mundodeportivo.com/carrera/euskal-herriko-mendi-duatloia-igartza-individual-relevos-2021/202119468/,"Guipuzkoa, Beasain",Duatlón,22000 m,euskadi,2021
S-11,Septiembre,Travesía a Nado del Club Deportivo - Ría de Bilbao - 680m,https://runedia.mundodeportivo.com/carrera/travesia-a-nado-del-club-deportivo-ria-de-bilbao-680m-2021/202119529/,"Vizcaya, Bilbao",Natación,680 m,euskadi,2021
,Septiembre,Deiadar Ultra 100km (Bocineros-Deiadar Xtreme),https://runedia.mundodeportivo.com/carrera/deiadar-ultra-100km-bocineros-deiadar-xtreme-2021/202119459/,"Vizcaya, Gernika",Montaña,100000 m,euskadi,2021
S-11,Septiembre,Carrera a Favor de los Damnificados de la Talidomida,https://runedia.mundodeportivo.com/carrera/carrera-a-favor-de-los-damnificados-de-la-talidomida-2021/202119052/,"Guipuzkoa, Legorreta",Asfalto,7100 m,euskadi,2021
D-12,Septiembre,Marxa Cicloturista Goierriko Klasika,https://runedia.mundodeportivo.com/carrera/marxa-cicloturista-goierriko-klasika-2021/202119649/,"Guipuzkoa, Beasain",Bici Carretera,1000 m,euskadi,2021
D-12,Septiembre,Baxurde krossa,https://runedia.mundodeportivo.com/carrera/baxurde-krossa-2021/202119567/,"Guipuzkoa, Usurbil",Cross,10750 m,euskadi,2021
D-12,Septiembre,Axari Trail,https://runedia.mundodeportivo.com/carrera/axari-trail-2021/202119164/,"Guipuzkoa, Idiazabal",Montaña,25600 m,euskadi,2021
D-12,Septiembre,Travesia de Natación de Bahía de la Concha,https://runedia.mundodeportivo.com/carrera/travesia-de-natacion-de-bahia-de-la-concha-2021/202119131/,"Guipuzkoa, Donostia",Natación,2220 m,euskadi,2021
,Septiembre,26K Vía Verde Plazaola,https://runedia.mundodeportivo.com/carrera/26k-via-verde-plazaola-2021/202119558/,"Guipuzkoa, Andoain",Pista,26000 m,euskadi,2021
,Septiembre,Bocineros-Deiadar Xtreme 200km,https://runedia.mundodeportivo.com/carrera/bocineros-deiadar-xtreme-200km-2021/202119568/,"Vizcaya, Gernika",Montaña,200000 m,euskadi,2021
D-12,Septiembre,Ironman Vitoria-Gasteiz 2021,https://runedia.mundodeportivo.com/carrera/ironman-vitoria-gasteiz-2021-2021/202117721/,"Araba, Vitoria-Gasteiz",Triatlón,225995 m,euskadi,2021
,Septiembre,Maratón Vías Verdes Plazaola,https://runedia.mundodeportivo.com/carrera/maraton-vias-verdes-plazaola-2021/202119639/,"Guipuzkoa, Lekunberri - Andoain",Pista,42195 m,euskadi,2021
D-12,Septiembre,Akuako Bira,https://runedia.mundodeportivo.com/carrera/akuako-bira-2021/202119562/,"Guipuzkoa, Zestoa",Montaña,7800 m,euskadi,2021
,Septiembre,10k Maratón Vías Verdes Plazaola,https://runedia.mundodeportivo.com/carrera/10k-maraton-vias-verdes-plazaola-2021/202119555/,"Guipuzkoa, Andoain",Tierra,10000 m,euskadi,2021
,Septiembre,Deiadar Maratoia 42K (Bocineros-Deiadar Xtreme),https://runedia.mundodeportivo.com/carrera/deiadar-maratoia-42k-bocineros-deiadar-xtreme-2021/202119618/,"Vizcaya, Gernika",Montaña,42000 m,euskadi,2021
S-18,Septiembre,Flysch Beltza. Travesia a nado del Flysch Negro (3 km),https://runedia.mundodeportivo.com/carrera/flysch-beltza-travesia-a-nado-del-flysch-negro-3-km-2021/202119777/,"Guipuzkoa, Deba",Natación,3000 m,euskadi,2021
S-18,Septiembre,VII. Flysch Beltza. Travesia a nado del Flysch Negro,https://runedia.mundodeportivo.com/carrera/vii-flysch-beltza-travesia-a-nado-del-flysch-negro-2021/202119786/,"Guipuzkoa, Mutriku",Natación,3000 m,euskadi,2021
S-18,Septiembre,Arrankudiaga-Zollo Trail lasterketa 6k,https://runedia.mundodeportivo.com/carrera/arrankudiaga-zollo-trail-lasterketa-6k-2021/202119735/,"Vizcaya, Arrankudiaga",Montaña,6000 m,euskadi,2021
S-18,Septiembre,Euskal Herriko Mendi Duatloia - Orduña,https://runedia.mundodeportivo.com/carrera/euskal-herriko-mendi-duatloia-orduna-2021/202119776/,"Vizcaya, Orduña",Duatlón,27500 m,euskadi,2021
,Septiembre,La  Romaña - Larga,https://runedia.mundodeportivo.com/carrera/la-romana-larga-2021/202119788/,"Vizcaya, Portugalete",Montaña,42200 m,euskadi,2021
S-18,Septiembre,XIV. Sorginen lasterketa,https://runedia.mundodeportivo.com/carrera/xiv-sorginen-lasterketa-2021/20213040/,"Vizcaya, Atxondo",Montaña,21000 m,euskadi,2021
S-18,Septiembre,8km AzkoitiAzpeitia corta,https://runedia.mundodeportivo.com/carrera/8km-azkoitiazpeitia-corta-2021/202119732/,"Guipuzkoa, Azkoitia",Asfalto,8060 m,euskadi,2021
S-18,Septiembre,Txingudi Korrika + Rollers,https://runedia.mundodeportivo.com/carrera/txingudi-korrika-rollers-2021/202120642/,"Guipuzkoa, Hendaya (Francia)",Asfalto,10000 m,euskadi,2021
S-18,Septiembre,Berrobiko Herri Krosa,https://runedia.mundodeportivo.com/carrera/berrobiko-herri-krosa-2021/202119736/,"Guipuzkoa, Berrobi",Asfalto,7500 m,euskadi,2021
S-18,Septiembre,Gaueko Lasterketa Irun,https://runedia.mundodeportivo.com/carrera/gaueko-lasterketa-irun-2021/202119780/,"Guipuzkoa, Irun",Asfalto,10000 m,euskadi,2021
S-18,Septiembre,Arno Trail Sprint Race,https://runedia.mundodeportivo.com/carrera/arno-trail-sprint-race-2021/202119733/,"Guipuzkoa, Mutriku",Asfalto,8550 m,euskadi,2021
S-18,Septiembre,VII. Flysch Beltza. Travesia a nado del Flysch Negro,https://runedia.mundodeportivo.com/carrera/vii-flysch-beltza-travesia-a-nado-del-flysch-negro-2021/202119786/,"Guipuzkoa, Mutriku",Natación,3000 m,euskadi,2021
S-18,Septiembre,Euskal Herriko Mendi Duatloia - Orduña,https://runedia.mundodeportivo.com/carrera/euskal-herriko-mendi-duatloia-orduna-2021/202119776/,"Vizcaya, Orduña",Duatlón,27500 m,euskadi,2021
,Septiembre,La  Romaña - Larga,https://runedia.mundodeportivo.com/carrera/la-romana-larga-2021/202119788/,"Vizcaya, Portugalete",Montaña,42200 m,euskadi,2021
S-18,Septiembre,Arrankudiaga-Zollo Trail lasterketa 6k,https://runedia.mundodeportivo.com/carrera/arrankudiaga-zollo-trail-lasterketa-6k-2021/202119735/,"Vizcaya, Arrankudiaga",Montaña,6000 m,euskadi,2021
S-18,Septiembre,XIV. Sorginen lasterketa,https://runedia.mundodeportivo.com/carrera/xiv-sorginen-lasterketa-2021/20213040/,"Vizcaya, Atxondo",Montaña,21000 m,euskadi,2021
S-18,Septiembre,8km AzkoitiAzpeitia corta,https://runedia.mundodeportivo.com/carrera/8km-azkoitiazpeitia-corta-2021/202119732/,"Guipuzkoa, Azkoitia",Asfalto,8060 m,euskadi,2021
S-18,Septiembre,Flysch Beltza. Travesia a nado del Flysch Negro (3 km),https://runedia.mundodeportivo.com/carrera/flysch-beltza-travesia-a-nado-del-flysch-negro-3-km-2021/202119777/,"Guipuzkoa, Deba",Natación,3000 m,euskadi,2021
D-19,Septiembre,Santander Triathlon Series Getxo (olímpico),https://runedia.mundodeportivo.com/carrera/santander-triathlon-series-getxo-olimpico-2021/202120035/,"Vizcaya, Getxo",Triatlón,51500 m,euskadi,2021
D-19,Septiembre,Carrera de la mujer de Vitoria,https://runedia.mundodeportivo.com/carrera/carrera-de-la-mujer-de-vitoria-2021/20211887/,"Araba, Vitoria-Gasteiz",Asfalto,6000 m,euskadi,2021
D-19,Septiembre,Santander Triathlon Series Getxo (Supersprint),https://runedia.mundodeportivo.com/carrera/santander-triathlon-series-getxo-supersprint-2021/202120037/,"Vizcaya, Getxo",Triatlón,12850 m,euskadi,2021
,Septiembre,Vitoria-Gasteiz Trail - 16km,https://runedia.mundodeportivo.com/carrera/vitoria-gasteiz-trail-16km-2021/202120095/,"Araba, Vitoria-Gasteiz",Montaña,16000 m,euskadi,2021
D-19,Septiembre,Carrera de la mujer,https://runedia.mundodeportivo.com/carrera/carrera-de-la-mujer-2021/202154332/,"Araba, Vitoria-Gasteiz",Asfalto,5000 m,euskadi,2021
D-19,Septiembre,Posten Erregebidea Camino Real de las Postas,https://runedia.mundodeportivo.com/carrera/posten-erregebidea-camino-real-de-las-postas-2021/202120031/,"Araba, Agurain - Salvatierra",Btt,51000 m,euskadi,2021
D-19,Septiembre,VIII Circuito Popular Jesús de la Fuente. Carrera de la mujer.,https://runedia.mundodeportivo.com/carrera/viii-circuito-popular-jesus-de-la-fuente-carrera-de-la-mujer-2021/202154373/,"Vizcaya, Bilbao",Orientación,6800 m,euskadi,2021
,Septiembre,Vitoria-Gasteiz Trail - 26km,https://runedia.mundodeportivo.com/carrera/vitoria-gasteiz-trail-26km-2021/202120096/,"Araba, Vitoria-Gasteiz",Montaña,26000 m,euskadi,2021
D-19,Septiembre,Triatlon Cross de Leguitio,https://runedia.mundodeportivo.com/carrera/triatlon-cross-de-leguitio-2021/202120080/,"Araba, Legutio",Triatlón,31000 m,euskadi,2021
D-19,Septiembre,Santander Triathlon Series Getxo (sprint),https://runedia.mundodeportivo.com/carrera/santander-triathlon-series-getxo-sprint-2021/202120036/,"Vizcaya, Getxo",Triatlón,25750 m,euskadi,2021
S-25,Septiembre,Euskal Kosta Krosa martoia erdia,https://runedia.mundodeportivo.com/carrera/euskal-kosta-krosa-martoia-erdia-2021/20213228/,"Guipuzkoa, Zarautz",Asfalto,21097 m,euskadi,2021
S-25,Septiembre,Euskal Herriko Mendia Duatloia - Zegama,https://runedia.mundodeportivo.com/carrera/euskal-herriko-mendia-duatloia-zegama-2021/202120173/,"Guipuzkoa, Zegama",Cross,25000 m,euskadi,2021
S-25,Septiembre,Zuzenien Igoera Bertikala,https://runedia.mundodeportivo.com/carrera/zuzenien-igoera-bertikala-2021/202120240/,"Guipuzkoa, Azpeitia",Montaña,3300 m,euskadi,2021
,Septiembre,Zumaia Flysch Trail mendi lasterketa (21km),https://runedia.mundodeportivo.com/carrera/zumaia-flysch-trail-mendi-lasterketa-21km-2021/202120238/,"Guipuzkoa, Zumaia",Montaña,21000 m,euskadi,2021
S-25,Septiembre,Campeonato de España de Triatlón de Media Distancia - Bilbao - Élite,https://runedia.mundodeportivo.com/carrera/campeonato-de-espana-de-triatlon-de-media-distancia-bilbao-elite-2021/202147806/,"Vizcaya, Bilbao",Triatlón,21000 m,euskadi,2021
S-25,Septiembre,Carrera Popular Memorial José Merino,https://runedia.mundodeportivo.com/carrera/carrera-popular-memorial-jose-merino-2021/20212837/,"Vizcaya, Ermua",Asfalto,10000 m,euskadi,2021
S-25,Septiembre,Ondarroa - Lekeitio Carrera por la Costa,https://runedia.mundodeportivo.com/carrera/ondarroa-lekeitio-carrera-por-la-costa-2021/202120203/,"Vizcaya, Ondarroa-Lekeitio",Asfalto,16000 m,euskadi,2021
,Septiembre,Zumaiako Flysch gazte lasterketa (14km),https://runedia.mundodeportivo.com/carrera/zumaiako-flysch-gazte-lasterketa-14km-2021/202120239/,"Guipuzkoa, Zumaia",Montaña,14050 m,euskadi,2021
,Septiembre,Zumaia Flysch Nordic Walking - 12k,https://runedia.mundodeportivo.com/carrera/zumaia-flysch-nordic-walking-12k-2021/202120237/,"Guipuzkoa, Zumaia",Montaña,12000 m,euskadi,2021
,Septiembre,VI millas de Basauri,https://runedia.mundodeportivo.com/carrera/vi-millas-de-basauri-2021/202120481/,"Vizcaya, Basauri",Asfalto,9656 m,euskadi,2021
D-26,Septiembre,Marcha cicloturista Internacional Bilbao-Bilbao - 125km,https://runedia.mundodeportivo.com/carrera/marcha-cicloturista-internacional-bilbao-bilbao-125km-2021/202116248/,"Vizcaya, Bilbao",Bici Carretera,125000 m,euskadi,2021
D-26,Septiembre,Urduña Hiria Herri Krossa,https://runedia.mundodeportivo.com/carrera/urduna-hiria-herri-krossa-2021/20212840/,"Vizcaya, Orduña",Asfalto,10000 m,euskadi,2021
D-26,Septiembre,Marcha BTT Zornotza,https://runedia.mundodeportivo.com/carrera/marcha-btt-zornotza-2021/202120394/,"Vizcaya, Zornotza",Btt,32000 m,euskadi,2021
D-26,Septiembre,Carrera Popular Agurain Herri Lasterketa,https://runedia.mundodeportivo.com/carrera/carrera-popular-agurain-herri-lasterketa-2021/202120294/,"Araba, Agurain",Asfalto,9700 m,euskadi,2021
D-26,Septiembre,Arrasateko Enduro Txapelketa,https://runedia.mundodeportivo.com/carrera/arrasateko-enduro-txapelketa-2021/202120263/,"Guipuzkoa, Arrasate",Btt,30000 m,euskadi,2021
D-26,Septiembre,Josetxo Imaz Memoriala,https://runedia.mundodeportivo.com/carrera/josetxo-imaz-memoriala-2021/202120378/,"Guipuzkoa, Ordizia",Asfalto,10000 m,euskadi,2021
D-26,Septiembre,Marcha cicloturista Internacional Bilbao-Bilbao - 115km,https://runedia.mundodeportivo.com/carrera/marcha-cicloturista-internacional-bilbao-bilbao-115km-2021/202116247/,"Vizcaya, Bilbao",Bici Carretera,115000 m,euskadi,2021
D-26,Septiembre,Gorbeia Suzien,https://runedia.mundodeportivo.com/carrera/gorbeia-suzien-2021/202120364/,"Vizcaya, Zeanuri",Montaña,32000 m,euskadi,2021
D-26,Septiembre,Zarautz Bihotzekin,https://runedia.mundodeportivo.com/carrera/zarautz-bihotzekin-2021/202120489/,"Guipuzkoa, Zarautz",Pista,4900 m,euskadi,2021
D-26,Septiembre,Marcha cicloturista Internacional Bilbao-Bilbao - 85km,https://runedia.mundodeportivo.com/carrera/marcha-cicloturista-internacional-bilbao-bilbao-85km-2021/202116249/,"Vizcaya, Bilbao",Bici Carretera,85000 m,euskadi,2021
S-2,Octubre,Kilómetro Vertical del Anboto,https://runedia.mundodeportivo.com/carrera/kilometro-vertical-del-anboto-2021/20212822/,"Vizcaya, Atxondo (Arrazola)",Montaña,3800 m,euskadi,2021
S-2,Octubre,Marcha de Montaña Lanestosa La Severina,https://runedia.mundodeportivo.com/carrera/marcha-de-montana-lanestosa-la-severina-2021/202120398/,"Vizcaya, Lanestosa",Montaña,3930 m,euskadi,2021
,Octubre,Euskal Herriko Mendi Duatloia - Arriaran,https://runedia.mundodeportivo.com/carrera/euskal-herriko-mendi-duatloia-arriaran-2021/202120558/,"Guipuzkoa, Arriaran",Duatlón,22000 m,euskadi,2021
S-2,Octubre,Marcha de Montaña Lanestosa 360º,https://runedia.mundodeportivo.com/carrera/marcha-de-montana-lanestosa-360-2021/202120397/,"Vizcaya, Lanestosa",Montaña,19200 m,euskadi,2021
S-2,Octubre,Marcha MTB Sapubike,https://runedia.mundodeportivo.com/carrera/marcha-mtb-sapubike-2021/202120577/,"Vizcaya, Durango",Btt,38000 m,euskadi,2021
S-2,Octubre,Marcha de Montaña Lanestosa Mirador del Moro,https://runedia.mundodeportivo.com/carrera/marcha-de-montana-lanestosa-mirador-del-moro-2021/202120399/,"Vizcaya, Lanestosa",Montaña,8500 m,euskadi,2021
S-2,Octubre,WOP Challenge Bilbao-Bizkaia 2021,https://runedia.mundodeportivo.com/carrera/wop-challenge-bilbao-bizkaia-2021-2021/202154183/,"Vizcaya, Bilbao",Orientación,226000 m,euskadi,2021
D-3,Octubre,Aiako Mendi Lasterketa,https://runedia.mundodeportivo.com/carrera/aiako-mendi-lasterketa-2021/202111648/,"Guipuzkoa, Aia",Montaña,15000 m,euskadi,2021
D-3,Octubre,Media Donosti 21k,https://runedia.mundodeportivo.com/carrera/media-donosti-21k-2021/202154420/,"Guipuzkoa, Donostia-San Sebastian",Asfalto,21000 m,euskadi,2021
D-3,Octubre,Gernika - Bilbao Running - 11Km,https://runedia.mundodeportivo.com/carrera/gernika-bilbao-running-11km-2021/202120778/,"Vizcaya, Bilbao",Asfalto,11470 m,euskadi,2021
,Octubre,Mello Saria Muskiz - 24Km,https://runedia.mundodeportivo.com/carrera/mello-saria-muskiz-24km-2021/202121016/,"Vizcaya, Muskiz",Montaña,24500 m,euskadi,2021
,Octubre,Mello Marcha - 25 km,https://runedia.mundodeportivo.com/carrera/mello-marcha-25-km-2021/202121014/,"Vizcaya, Muzkiz",Montaña,25000 m,euskadi,2021
D-3,Octubre,10KM Barakaldo,https://runedia.mundodeportivo.com/carrera/10km-barakaldo-2021/202120661/,"Vizcaya, Barakaldo",Asfalto,10000 m,euskadi,2021
D-3,Octubre,Memorial Joserra MTB,https://runedia.mundodeportivo.com/carrera/memorial-joserra-mtb-2021/202120841/,"Vizcaya, Usansolo-Galdakao",Btt,48500 m,euskadi,2021
D-3,Octubre,Gernika - Bilbao Running - 35Km,https://runedia.mundodeportivo.com/carrera/gernika-bilbao-running-35km-2021/202120780/,"Vizcaya, Bilbao",Asfalto,35430 m,euskadi,2021
,Octubre,Mello Saria Muskiz - Martxa 25K,https://runedia.mundodeportivo.com/carrera/mello-saria-muskiz-martxa-25k-2021/202121018/,"Vizcaya, Muzkiz",Travesía,25000 m,euskadi,2021
,Octubre,Mello Saria Muskiz - Martxa 12K,https://runedia.mundodeportivo.com/carrera/mello-saria-muskiz-martxa-12k-2021/202121017/,"Vizcaya, Muzkiz",Travesía,12000 m,euskadi,2021
D-3,Octubre,Zumaia Flysch Trail mendi lasterketa (42k),https://runedia.mundodeportivo.com/carrera/zumaia-flysch-trail-mendi-lasterketa-42k-2021/20212690/,"Guipuzkoa, Zumaia",Montaña,42000 m,euskadi,2021
D-3,Octubre,Media Donosti 10k,https://runedia.mundodeportivo.com/carrera/media-donosti-10k-2021/202154421/,"Guipuzkoa, Donostia-San Sebastian",Asfalto,10000 m,euskadi,2021
D-3,Octubre,Larraul-Ernio-Larraul,https://runedia.mundodeportivo.com/carrera/larraul-ernio-larraul-2021/202116235/,"Guipuzkoa, Larraul",Montaña,15500 m,euskadi,2021
D-3,Octubre,Gernika - Bilbao Running - 22Km,https://runedia.mundodeportivo.com/carrera/gernika-bilbao-running-22km-2021/202120779/,"Vizcaya, Bilbao",Asfalto,22270 m,euskadi,2021
D-3,Octubre,5km Barakaldo,https://runedia.mundodeportivo.com/carrera/5km-barakaldo-2021/202120669/,"Vizcaya, Barakaldo",Asfalto,5000 m,euskadi,2021
,Octubre,Mello Saria Muskiz - 12K,https://runedia.mundodeportivo.com/carrera/mello-saria-muskiz-12k-2021/202121015/,"Vizcaya, Muzkiz",Montaña,12500 m,euskadi,2021
D-3,Octubre,Serantes Igoera,https://runedia.mundodeportivo.com/carrera/serantes-igoera-2021/202120874/,"Vizcaya, Santurtzi",Montaña,12320 m,euskadi,2021
D-3,Octubre,Gernika - Bilbao Running - 8Km,https://runedia.mundodeportivo.com/carrera/gernika-bilbao-running-8km-2021/202120781/,"Vizcaya, Bilbao",Asfalto,8600 m,euskadi,2021
D-3,Octubre,Skoda Medio Fondo San Sebastián Trek,https://runedia.mundodeportivo.com/carrera/skoda-medio-fondo-san-sebastian-trek-2021/202120875/,"Guipuzkoa, San Sebastián",Bici Carretera,126000 m,euskadi,2021
D-3,Octubre,Osintxuco Mendi Lasterketa,https://runedia.mundodeportivo.com/carrera/osintxuco-mendi-lasterketa-2021/202120856/,"Guipuzkoa, Bergara",Asfalto,10000 m,euskadi,2021
S-9,Octubre,Arrasate Oñati Patines,https://runedia.mundodeportivo.com/carrera/arrasate-onati-patines-2021/202120960/,"Guipuzkoa, Arrasate - Oñati",Otros,11400 m,euskadi,2021
S-9,Octubre,Milla Internacional de Berango Nazioarteko Milia,https://runedia.mundodeportivo.com/carrera/milla-internacional-de-berango-nazioarteko-milia-2021/202121320/,"Vizcaya, Berango",Asfalto,1609 m,euskadi,2021
S-9,Octubre,Hiru Haundiak 2021,https://runedia.mundodeportivo.com/carrera/hiru-haundiak-2021-2021/202154171/,"Araba, Vitoria-Gasteiz",Montaña,100000 m,euskadi,2021
S-9,Octubre,Cross popular Martutene,https://runedia.mundodeportivo.com/carrera/cross-popular-martutene-2021/202120981/,"Guipuzkoa, Martutene",Cross,6600 m,euskadi,2021
S-9,Octubre,Larramendiko Krosa - Tolosa 5km,https://runedia.mundodeportivo.com/carrera/larramendiko-krosa-tolosa-5km-2021/202121002/,"Guipuzkoa, Tolosa",Montaña,5000 m,euskadi,2021
S-9,Octubre,Urkabeko Igoera,https://runedia.mundodeportivo.com/carrera/urkabeko-igoera-2021/202121055/,"Guipuzkoa, Oiartzun",Montaña,1600 m,euskadi,2021
S-9,Octubre,Travesía Solidaria Galipa Swim,https://runedia.mundodeportivo.com/carrera/travesia-solidaria-galipa-swim-2021/202121045/,"Vizcaya, Zierbena",Natación,2000 m,euskadi,2021
S-9,Octubre,Hiru Haundiak,https://runedia.mundodeportivo.com/carrera/hiru-haundiak-2021/202121298/,"Araba, Murgia",Montaña,101000 m,euskadi,2021
S-9,Octubre,Asier Cuevas Herri Lasterketa,https://runedia.mundodeportivo.com/carrera/asier-cuevas-herri-lasterketa-2021/202120961/,"Guipuzkoa, Eibar",Asfalto,7500 m,euskadi,2021
S-9,Octubre,Hiru Haundiak Ultratrail,https://runedia.mundodeportivo.com/carrera/hiru-haundiak-ultratrail-2021/202154277/,"Vizcaya, Euskadi Álava-Araba, Vizcaya-Bizkaia y Guipuzcoa-Gipuzkoa",Montaña,101000 m,euskadi,2021
,Octubre,Marcha BTT Zurbano,https://runedia.mundodeportivo.com/carrera/marcha-btt-zurbano-2021/202121176/,"Araba, Zurbano",Btt,45000 m,euskadi,2021
D-10,Octubre,ZeberioXTrem - Trail,https://runedia.mundodeportivo.com/carrera/zeberioxtrem-trail-2021/202121256/,"Vizcaya, Zeberio",Montaña,12100 m,euskadi,2021
D-10,Octubre,V MARCHA LAUMENDI BARAKALDO,https://runedia.mundodeportivo.com/carrera/v-marcha-laumendi-barakaldo-2021/202121243/,"Vizcaya, Barakaldo",Btt,40000 m,euskadi,2021
D-10,Octubre,II TRAIL LAUMENDI BARAKALDO,https://runedia.mundodeportivo.com/carrera/ii-trail-laumendi-barakaldo-2021/202121155/,"Vizcaya, Barakaldo",Montaña,16000 m,euskadi,2021
D-10,Octubre,Zalla Herri,https://runedia.mundodeportivo.com/carrera/zalla-herri-2021/202121255/,"Vizcaya, Zalla",Asfalto,5700 m,euskadi,2021
D-10,Octubre,Cross Grupo Delta 3 Playas,https://runedia.mundodeportivo.com/carrera/cross-grupo-delta-3-playas-2021/202121119/,"Guipuzkoa, San Sebastián",Cross,10000 m,euskadi,2021
D-10,Octubre,Marcha Solidaria Sindrome de Down,https://runedia.mundodeportivo.com/carrera/marcha-solidaria-sindrome-de-down-2021/202121183/,"Vizcaya, Bilbao",Caminata,6500 m,euskadi,2021
D-10,Octubre,Cross Beach - Hondartzako krosa,https://runedia.mundodeportivo.com/carrera/cross-beach-hondartzako-krosa-2021/202121118/,"Guipuzkoa, Donostia - San Sebastián",Cross,10000 m,euskadi,2021
D-10,Octubre,ZeberioXTrem BTT,https://runedia.mundodeportivo.com/carrera/zeberioxtrem-btt-2021/202121257/,"Vizcaya, Zeberio",Btt,43000 m,euskadi,2021
M-12,Octubre,Bilbao MendiTrail - 22Km,https://runedia.mundodeportivo.com/carrera/bilbao-menditrail-22km-2021/202114820/,"Vizcaya, Bilbao",Caminata,22000 m,euskadi,2021
S-16,Octubre,Eltxo Trail Luzea,https://runedia.mundodeportivo.com/carrera/eltxo-trail-luzea-2021/202121293/,"Guipuzkoa, Orendain",Montaña,21000 m,euskadi,2021
S-16,Octubre,Eltxo Trail Motza,https://runedia.mundodeportivo.com/carrera/eltxo-trail-motza-2021/202121294/,"Guipuzkoa, Orendain",Montaña,7500 m,euskadi,2021
S-16,Octubre,XV Milla internacional de Bilbao,https://runedia.mundodeportivo.com/carrera/xv-milla-internacional-de-bilbao-2021/202112604/,"Vizcaya, Bilbao",Asfalto,1609 m,euskadi,2021
D-17,Octubre,Carrera de Montaña Jarindo Albertia,https://runedia.mundodeportivo.com/carrera/carrera-de-montana-jarindo-albertia-2021/202121404/,"Araba, Legutio",Montaña,16000 m,euskadi,2021
D-17,Octubre,ORDIZIAKO MENDI ERDI MARATOIA,https://runedia.mundodeportivo.com/carrera/ordiziako-mendi-erdi-maratoia-2021/202150336/,"Guipuzkoa, Ordiziako",Montaña,21000 m,euskadi,2021
D-17,Octubre,Pulmón de acero - Bike Maratón,https://runedia.mundodeportivo.com/carrera/pulmon-de-acero-bike-maraton-2021/202121554/,"Vizcaya, Barakaldo",Btt,61000 m,euskadi,2021
D-17,Octubre,Pulmón de acero - Media Maratón,https://runedia.mundodeportivo.com/carrera/pulmon-de-acero-media-maraton-2021/202121555/,"Vizcaya, Barakaldo",Btt,3600 m,euskadi,2021
D-17,Octubre,Robers 15K Donostia/San Sebastián - Roller,https://runedia.mundodeportivo.com/carrera/robers-15k-donostiasan-sebastian-roller-2021/202121561/,"Guipuzkoa, Donostia - San Sebastián",Otros,15000 m,euskadi,2021
D-17,Octubre,XVI. Aloñako Igoera,https://runedia.mundodeportivo.com/carrera/xvi-alonako-igoera-2021/202119549/,"Guipuzkoa, Oñati",Montaña,22600 m,euskadi,2021
D-17,Octubre,Robers 15K Donostia/San Sebastián,https://runedia.mundodeportivo.com/carrera/robers-15k-donostiasan-sebastian-2021/202121560/,"Guipuzkoa, Donostia - San Sebastián",Asfalto,15000 m,euskadi,2021
D-17,Octubre,VIII Circuito Popular Jesús de la Fuente. Prueba femenina de orientación Monte Arraiz,https://runedia.mundodeportivo.com/carrera/viii-circuito-popular-jesus-de-la-fuente-prueba-femenina-de-orientacion-monte-arraiz-2021/202154405/,"Vizcaya, Bilbao",Orientación,5000 m,euskadi,2021
S-23,Octubre,Txantxilla - Santa Barbara - Txantxilla Herri Lasterketa,https://runedia.mundodeportivo.com/carrera/txantxilla-santa-barbara-txantxilla-herri-lasterketa-2021/202121732/,"Guipuzkoa, Hernani",Asfalto,6400 m,euskadi,2021
S-23,Octubre,Edp Bilbao Night Marathon - Carrera 10km,https://runedia.mundodeportivo.com/carrera/edp-bilbao-night-marathon-carrera-10km-2021/202121291/,"Vizcaya, Bilbao",Asfalto,10000 m,euskadi,2021
S-23,Octubre,Euskal Herriko Mendi Duatloia  - Amasa,https://runedia.mundodeportivo.com/carrera/euskal-herriko-mendi-duatloia-amasa-2021/202121478/,"Vizcaya, Amasa",Duatlón,20250 m,euskadi,2021
S-23,Octubre,Milla Marina Femenina,https://runedia.mundodeportivo.com/carrera/milla-marina-femenina-2021/202121698/,"Vizcaya, Bilbao",Asfalto,1851 m,euskadi,2021
S-23,Octubre,Edp Bilbao Night Marathon,https://runedia.mundodeportivo.com/carrera/edp-bilbao-night-marathon-2021/20212852/,"Vizcaya, Bilbao",Asfalto,42195 m,euskadi,2021
S-23,Octubre,Memorial Manuel Mateos,https://runedia.mundodeportivo.com/carrera/memorial-manuel-mateos-2021/202121694/,"Guipuzkoa, Deba",Asfalto,6700 m,euskadi,2021
S-23,Octubre,Euskal Herriko Mendi Duatloia - Zeanuri,https://runedia.mundodeportivo.com/carrera/euskal-herriko-mendi-duatloia-zeanuri-2021/202121661/,"Vizcaya, Zeanuri",Duatlón,23800 m,euskadi,2021
S-23,Octubre,Edp Bilbao Night Half Marathon,https://runedia.mundodeportivo.com/carrera/edp-bilbao-night-half-marathon-2021/202121290/,"Vizcaya, Bilbao",Asfalto,21097 m,euskadi,2021
S-23,Octubre,Carrera de las empresas Vitoria-Gasteiz,https://runedia.mundodeportivo.com/carrera/carrera-de-las-empresas-vitoria-gasteiz-2021/20211886/,"Araba, Vitoria",Asfalto,5000 m,euskadi,2021
D-24,Octubre,Martxa xxix mtb gorliz,https://runedia.mundodeportivo.com/carrera/martxa-xxix-mtb-gorliz-2021/202120007/,"Vizcaya, Gorliz",Btt,30000 m,euskadi,2021
D-24,Octubre,67 Cross Internacional Zornotza | Absoluta femenina,https://runedia.mundodeportivo.com/carrera/67-cross-internacional-zornotza-absoluta-femenina-2021/202154418/,"Vizcaya, Amorebieta-Etxano",Cross,6700 m,euskadi,2021
D-24,Octubre,Elorrioko Udala Saria Ziklo Krosa 43,https://runedia.mundodeportivo.com/carrera/elorrioko-udala-saria-ziklo-krosa-43-2021/202121870/,"Vizcaya, Elorrio",,2500 m,euskadi,2021
D-24,Octubre,Clásica los 4 puentes,https://runedia.mundodeportivo.com/carrera/clasica-los-4-puentes-2021/202121831/,"Vizcaya, Basauri",Asfalto,11902 m,euskadi,2021
D-24,Octubre,CARRERA PROYDE BILBAO,https://runedia.mundodeportivo.com/carrera/carrera-proyde-bilbao-2021/202121820/,"Vizcaya, Bilbao",Asfalto,5000 m,euskadi,2021
D-24,Octubre,Rioja Alavesa Wine Run - 20km,https://runedia.mundodeportivo.com/carrera/rioja-alavesa-wine-run-20km-2021/202121960/,"Araba, Labastida. Rioja Alavesa",Asfalto,20000 m,euskadi,2021
,Octubre,Media maratón Donibane Lohizune/San Juan de Luz- Hondarribia,https://runedia.mundodeportivo.com/carrera/media-maraton-donibane-lohizunesan-juan-de-luz-hondarribia-2021/20212694/,"Guipuzkoa, Hondarribia",Asfalto,21097 m,euskadi,2021
,Octubre,Marcha BTT de San Román de Campezo,https://runedia.mundodeportivo.com/carrera/marcha-btt-de-san-roman-de-campezo-2021/202121915/,"Araba, San Román de Campezo",Btt,26000 m,euskadi,2021
D-24,Octubre,Ataungo Hiru Auzoetako Krosa,https://runedia.mundodeportivo.com/carrera/ataungo-hiru-auzoetako-krosa-2021/202121768/,"Guipuzkoa, Ataun",Asfalto,17300 m,euskadi,2021
D-24,Octubre,67 Cross Internacional Zornotza | Absoluta masculina,https://runedia.mundodeportivo.com/carrera/67-cross-internacional-zornotza-absoluta-masculina-2021/202154417/,"Vizcaya, Amorebieta-Etxano",Cross,8700 m,euskadi,2021
D-24,Octubre,67 Cross Internacional Zornotza | Carrera Popular,https://runedia.mundodeportivo.com/carrera/67-cross-internacional-zornotza-carrera-popular-2021/202154419/,"Vizcaya, Amorebieta-Etxano",Cross,4700 m,euskadi,2021
D-24,Octubre,Memorial BTT Raúl Gurekin  maratón,https://runedia.mundodeportivo.com/carrera/memorial-btt-raul-gurekin-maraton-2021/202121944/,"Vizcaya, Bilbao",Btt,55000 m,euskadi,2021
D-24,Octubre,Elorrioko Basqueland Ziklokrosa,https://runedia.mundodeportivo.com/carrera/elorrioko-basqueland-ziklokrosa-2021/202121869/,"Vizcaya, Elorrio",,100000 m,euskadi,2021
D-24,Octubre,Ciclocross - Elorrio,https://runedia.mundodeportivo.com/carrera/ciclocross-elorrio-2021/202121828/,"Vizcaya, Elorrio",,1000 m,euskadi,2021
D-24,Octubre,Rioja Alavesa Wine Run - 10km,https://runedia.mundodeportivo.com/carrera/rioja-alavesa-wine-run-10km-2021/202121959/,"Araba, Labastida. Rioja Alavesa",Asfalto,10000 m,euskadi,2021
D-24,Octubre,Arrasate Oñati,https://runedia.mundodeportivo.com/carrera/arrasate-onati-2021/20213229/,"Guipuzkoa, Arrasate - Oñati",Asfalto,11700 m,euskadi,2021
D-24,Octubre,Martxa XXIX MTB GORLIZ- 44Km,https://runedia.mundodeportivo.com/carrera/martxa-xxix-mtb-gorliz-44km-2021/202120008/,"Vizcaya, Gorliz",Btt,45000 m,euskadi,2021
M-26,Octubre,Campeonato de Guipuzkoa Nordic Walking,https://runedia.mundodeportivo.com/carrera/campeonato-de-guipuzkoa-nordic-walking-2021/202121623/,"Guipuzkoa, San Sebastián",Montaña,9600 m,euskadi,2021
S-30,Octubre,Mutrikuko Herri Krosa - 10km,https://runedia.mundodeportivo.com/carrera/mutrikuko-herri-krosa-10km-2021/202122519/,"Guipuzkoa, Mutriku",Asfalto,10000 m,euskadi,2021
D-31,Octubre,Aramotz Mendi Lasterketa,https://runedia.mundodeportivo.com/carrera/aramotz-mendi-lasterketa-2021/202120262/,"Vizcaya, Zornotza",Montaña,18000 m,euskadi,2021
D-31,Octubre,EDP Vitoria-Gasteiz Maratón Martín Fiz,https://runedia.mundodeportivo.com/carrera/edp-vitoria-gasteiz-maraton-martin-fiz-2021/20213072/,"Araba, Vitoria-Gasteiz",Asfalto,42195 m,euskadi,2021
D-31,Octubre,Memorial BTT Raúl Gurekin -,https://runedia.mundodeportivo.com/carrera/memorial-btt-raul-gurekin-2021/202121945/,"Vizcaya, Bilbao",Btt,50000 m,euskadi,2021
D-31,Octubre,Iurreta Urbana 10KM,https://runedia.mundodeportivo.com/carrera/iurreta-urbana-10km-2021/202112701/,"Vizcaya, Iurreta",Asfalto,10000 m,euskadi,2021
D-31,Octubre,XXXvI Cross Valle de Llodio,https://runedia.mundodeportivo.com/carrera/xxxvi-cross-valle-de-llodio-2021/20213074/,"Araba, Llodio",Cross,10000 m,euskadi,2021
D-31,Octubre,Lasarte Oria Bai! Kross Herrikoia,https://runedia.mundodeportivo.com/carrera/lasarte-oria-bai-kross-herrikoia-2021/202121901/,"Guipuzkoa, Lasarte-Oria",Asfalto,10500 m,euskadi,2021
D-31,Octubre,Vertical al Pico la Cruz,https://runedia.mundodeportivo.com/carrera/vertical-al-pico-la-cruz-2021/202121995/,"Vizcaya, Galdames",Montaña,6500 m,euskadi,2021
,Noviembre,Garaiko 6. BTT Martxa,https://runedia.mundodeportivo.com/carrera/garaiko-6-btt-martxa-2021/202119965/,"Vizcaya, Garai",Btt,29000 m,euskadi,2021
S-6,Noviembre,Marcha intergeneracional de Barakaldo - 5km,https://runedia.mundodeportivo.com/carrera/marcha-intergeneracional-de-barakaldo-5km-2021/202122265/,"Vizcaya, Barakaldo",Asfalto,5000 m,euskadi,2021
S-6,Noviembre,Euskal Herriko Mendi Duatloia - Usansolo,https://runedia.mundodeportivo.com/carrera/euskal-herriko-mendi-duatloia-usansolo-2021/202122252/,"Vizcaya, Usansolo",Duatlón,21340 m,euskadi,2021
S-6,Noviembre,Ziklokross Laudio,https://runedia.mundodeportivo.com/carrera/ziklokross-laudio-2021/202121744/,"Araba, Llodio",,100000 m,euskadi,2021
,Noviembre,Antxintxika krosa Oinezko Lasterketa - Soraluze - Bergara,https://runedia.mundodeportivo.com/carrera/antxintxika-krosa-oinezko-lasterketa-soraluze-bergara-2021/202122207/,"Guipuzkoa, Soraluze - Bergara",Asfalto,10000 m,euskadi,2021
S-6,Noviembre,Azpeitiko Ikasberri Kros Mixtoa,https://runedia.mundodeportivo.com/carrera/azpeitiko-ikasberri-kros-mixtoa-2021/202122209/,"Guipuzkoa, Azpeitia",Cross,6700 m,euskadi,2021
S-6,Noviembre,Euskal Herriko Mendi Duatloia - Ibarra / Corta,https://runedia.mundodeportivo.com/carrera/euskal-herriko-mendi-duatloia-ibarra-corta-2021/202120995/,"Guipuzkoa, Ibarra",Duatlón,6028 m,euskadi,2021
S-6,Noviembre,II Marcha intergeneracional de Barakaldo - 11.5km,https://runedia.mundodeportivo.com/carrera/ii-marcha-intergeneracional-de-barakaldo-115km-2021/202122254/,"Vizcaya, Barakaldo",Asfalto,11500 m,euskadi,2021
S-6,Noviembre,XXXIII Ciclocross Internacional de Llodio - C1,https://runedia.mundodeportivo.com/carrera/xxxiii-ciclocross-internacional-de-llodio-c1-2021/202121743/,"Araba, Llodio",,2750 m,euskadi,2021
,Noviembre,Antxintxika lasterketa Mikel Crespo Memoriala,https://runedia.mundodeportivo.com/carrera/antxintxika-lasterketa-mikel-crespo-memoriala-2021/202122208/,"Guipuzkoa, Bergara",Otros,10000 m,euskadi,2021
,Noviembre,Garaiko III. Asto Trail,https://runedia.mundodeportivo.com/carrera/garaiko-iii-asto-trail-2021/202119966/,"Vizcaya, Garai",Montaña,29000 m,euskadi,2021
S-6,Noviembre,Euskal Herriko Mendi Duatloia - Ibarra,https://runedia.mundodeportivo.com/carrera/euskal-herriko-mendi-duatloia-ibarra-2021/202120994/,"Guipuzkoa, Ibarra",Duatlón,15758 m,euskadi,2021
D-7,Noviembre,Ciclocross - Berriz,https://runedia.mundodeportivo.com/carrera/ciclocross-berriz-2021/202122089/,"Vizcaya, Berriz",,2600 m,euskadi,2021
D-7,Noviembre,Carrera de Empresas,https://runedia.mundodeportivo.com/carrera/carrera-de-empresas-2021/202115397/,"Vizcaya, Bilbao",Asfalto,10000 m,euskadi,2021
D-7,Noviembre,Bizcaia Kopa Trail Corto - Lekeito,https://runedia.mundodeportivo.com/carrera/bizcaia-kopa-trail-corto-lekeito-2021/202122046/,"Vizcaya, Lekeito",Montaña,9710 m,euskadi,2021
D-7,Noviembre,Basauriko Herri Krosa - corta,https://runedia.mundodeportivo.com/carrera/basauriko-herri-krosa-corta-2021/202122038/,"Vizcaya, Basauri",Cross,3300 m,euskadi,2021
D-7,Noviembre,Beñat Elzo Mendi Lasterketa,https://runedia.mundodeportivo.com/carrera/benat-elzo-mendi-lasterketa-2021/202122040/,"Guipuzkoa, Hondarribia",Montaña,10750 m,euskadi,2021
D-7,Noviembre,Cross Internacional de Donostia,https://runedia.mundodeportivo.com/carrera/cross-internacional-de-donostia-2021/20213226/,"Guipuzkoa, San Sebastian",Cross,10000 m,euskadi,2021
D-7,Noviembre,Bizkaia Kopa Trail - Lekeitio MTB,https://runedia.mundodeportivo.com/carrera/bizkaia-kopa-trail-lekeitio-mtb-2021/202122049/,"Vizcaya, Lekeitio",Btt,21460 m,euskadi,2021
D-7,Noviembre,Bizcaia Kopa Trail Largo - Lekeito,https://runedia.mundodeportivo.com/carrera/bizcaia-kopa-trail-largo-lekeito-2021/202122047/,"Vizcaya, Lekeito",Montaña,18050 m,euskadi,2021
D-7,Noviembre,Ciclocros Internacional de Karrantza,https://runedia.mundodeportivo.com/carrera/ciclocros-internacional-de-karrantza-2021/202122362/,"Vizcaya, Karrantza",,2760 m,euskadi,2021
D-7,Noviembre,Emfko Iraupen Luzeko Ibilaldia,https://runedia.mundodeportivo.com/carrera/emfko-iraupen-luzeko-ibilaldia-2021/202122399/,"Guipuzkoa, Elgeta",Montaña,24000 m,euskadi,2021
D-7,Noviembre,Gasteiz Hiria,https://runedia.mundodeportivo.com/carrera/gasteiz-hiria-2021/202122109/,"Araba, Vitoria-Gasteiz",Asfalto,10000 m,euskadi,2021
D-7,Noviembre,Basauriko Herri Krosa - larga,https://runedia.mundodeportivo.com/carrera/basauriko-herri-krosa-larga-2021/202122039/,"Vizcaya, Basauri",Cross,11000 m,euskadi,2021
D-7,Noviembre,Ziklokross Laudio C1,https://runedia.mundodeportivo.com/carrera/ziklokross-laudio-c1-2021/202121745/,"Araba, Llodio",,2750 m,euskadi,2021
D-7,Noviembre,Talde Duatloia - Montes de Hierro,https://runedia.mundodeportivo.com/carrera/talde-duatloia-montes-de-hierro-2021/202122160/,"Vizcaya, Montes de Hierro",Duatlón,37000 m,euskadi,2021
D-7,Noviembre,Ciclocross - Legazpi,https://runedia.mundodeportivo.com/carrera/ciclocross-legazpi-2021/202122090/,"Guipuzkoa, Legazpi",,1000 m,euskadi,2021
S-13,Noviembre,Trail X-treme de Finaga - Corto,https://runedia.mundodeportivo.com/carrera/trail-x-treme-de-finaga-corto-2021/20213621/,"Vizcaya, Basauri",Montaña,11000 m,euskadi,2021
S-13,Noviembre,Ezkioko Mendi Laterketa Mistoa,https://runedia.mundodeportivo.com/carrera/ezkioko-mendi-laterketa-mistoa-2021/202122497/,"Guipuzkoa, Ezkioko",Asfalto,5800 m,euskadi,2021
,Noviembre,Mutrikuko Herri Krosa - 5km,https://runedia.mundodeportivo.com/carrera/mutrikuko-herri-krosa-5km-2021/202122520/,"Guipuzkoa, Mutriku",Asfalto,5000 m,euskadi,2021
S-13,Noviembre,Ikastegietako Herrikrossa,https://runedia.mundodeportivo.com/carrera/ikastegietako-herrikrossa-2021/20213231/,"Guipuzkoa, Ikaztegieta",Cross,10000 m,euskadi,2021
S-13,Noviembre,Trail X-treme de Finaga - Largo,https://runedia.mundodeportivo.com/carrera/trail-x-treme-de-finaga-largo-2021/202122531/,"Vizcaya, Basauri",Montaña,18000 m,euskadi,2021
D-14,Noviembre,Kilómetros contra el Parkinson Infantil,https://runedia.mundodeportivo.com/carrera/kilometros-contra-el-parkinson-infantil-2021/202122698/,"Guipuzkoa, Donostia-San Sebastián",Asfalto,6000 m,euskadi,2021
D-14,Noviembre,zaldibarko xvlllmendi bizikleta martxa 26k,https://runedia.mundodeportivo.com/carrera/zaldibarko-xvlllmendi-bizikleta-martxa-26k-2021/202122802/,"Vizcaya, Zaldíbar",Btt,26000 m,euskadi,2021
D-14,Noviembre,Carrera Teléfono la Esperanza - 10Km,https://runedia.mundodeportivo.com/carrera/carrera-telefono-la-esperanza-10km-2021/202122609/,"Vizcaya, Pamplona",Asfalto,10000 m,euskadi,2021
D-14,Noviembre,Urduñako Mendi Maratoia,https://runedia.mundodeportivo.com/carrera/urdunako-mendi-maratoia-2021/202122454/,"Vizcaya, Urduña",Montaña,33000 m,euskadi,2021
,Noviembre,Duatlón de Montaña de Aramaio,https://runedia.mundodeportivo.com/carrera/duatlon-de-montana-de-aramaio-2021/202122679/,"Araba, Aramaio",Duatlón,22500 m,euskadi,2021
D-14,Noviembre,XXXII Erandioko Herri Krosa,https://runedia.mundodeportivo.com/carrera/xxxii-erandioko-herri-krosa-2021/202112211/,"Vizcaya, Erandio",Asfalto,7000 m,euskadi,2021
D-14,Noviembre,Ciclocross - Amorebieta,https://runedia.mundodeportivo.com/carrera/ciclocross-amorebieta-2021/202122618/,"Vizcaya, Amorebieta",,10000 m,euskadi,2021
D-14,Noviembre,Urduñako Mendi Maratoia - 13 k,https://runedia.mundodeportivo.com/carrera/urdunako-mendi-maratoia-13-k-2021/202122455/,"Vizcaya, Urduña",Montaña,13000 m,euskadi,2021
D-14,Noviembre,Behobia / San Sebastián,https://runedia.mundodeportivo.com/carrera/behobia-san-sebastian-2021/20212696/,"Guipuzkoa, Irún",Asfalto,20000 m,euskadi,2021
D-14,Noviembre,Errezilgo Kros Mixto,https://runedia.mundodeportivo.com/carrera/errezilgo-kros-mixto-2021/202122685/,"Guipuzkoa, ERREZIL",Cross,5000 m,euskadi,2021
,Noviembre,Nordic Walking de Elburgo,https://runedia.mundodeportivo.com/carrera/nordic-walking-de-elburgo-2021/202122737/,"Araba, Elburgo",Caminata,15900 m,euskadi,2021
S-20,Noviembre,DUATLON DE MONTAÑA DE ADUNA,https://runedia.mundodeportivo.com/carrera/duatlon-de-montana-de-aduna-2021/202122832/,"Guipuzkoa, Aduna",Duatlón,19900 m,euskadi,2021
S-20,Noviembre,Getxo Gau Trail 17km,https://runedia.mundodeportivo.com/carrera/getxo-gau-trail-17km-2021/202122836/,"Vizcaya, Getxo",Montaña,17000 m,euskadi,2021
S-20,Noviembre,Euskal Herriko Mendi Duatloia - Aduna,https://runedia.mundodeportivo.com/carrera/euskal-herriko-mendi-duatloia-aduna-2021/202122834/,"Guipuzkoa, Aduna",Duatlón,19900 m,euskadi,2021
S-20,Noviembre,"Getxo Gau Trail 7,5km",https://runedia.mundodeportivo.com/carrera/getxo-gau-trail-75km-2021/202122837/,"Vizcaya, Getxo",Montaña,7500 m,euskadi,2021
S-20,Noviembre,Azkoitiko XVI Herri Lasterketa,https://runedia.mundodeportivo.com/carrera/azkoitiko-xvi-herri-lasterketa-2021/202122810/,"Guipuzkoa, Azkoitia",Asfalto,10000 m,euskadi,2021
,Noviembre,33 BILBOKO HERRI KROSA,https://runedia.mundodeportivo.com/carrera/33-bilboko-herri-krosa-2021/202122552/,"Vizcaya, Bilbao",Asfalto,10000 m,euskadi,2021
D-21,Noviembre,Getxo Gau Martxa,https://runedia.mundodeportivo.com/carrera/getxo-gau-martxa-2021/202123009/,"Vizcaya, Getxo",Caminata,10000 m,euskadi,2021
D-21,Noviembre,Lemoatx Trail - 24Km,https://runedia.mundodeportivo.com/carrera/lemoatx-trail-24km-2021/202122702/,"Vizcaya, Lemoa",Montaña,24300 m,euskadi,2021
D-21,Noviembre,zaldibarko xIIxmendi bizikleta martxa 33k,https://runedia.mundodeportivo.com/carrera/zaldibarko-xiixmendi-bizikleta-martxa-33k-2021/202122803/,"Vizcaya, Zaldíbar",Btt,33000 m,euskadi,2021
D-21,Noviembre,Bizcaia Kopa Txakur-Kros - Lekeito,https://runedia.mundodeportivo.com/carrera/bizcaia-kopa-txakur-kros-lekeito-2021/202122048/,"Vizcaya, Trapaga",Canicross,8600 m,euskadi,2021
D-21,Noviembre,Lemoatx Trail - 16Km,https://runedia.mundodeportivo.com/carrera/lemoatx-trail-16km-2021/202122701/,"Vizcaya, Lemoa",Montaña,16000 m,euskadi,2021
D-21,Noviembre,Carrera internacional desde Santurce a Bilbao,https://runedia.mundodeportivo.com/carrera/carrera-internacional-desde-santurce-a-bilbao-2021/20213622/,"Vizcaya, Santurce",Asfalto,15800 m,euskadi,2021
D-28,Noviembre,Zurich Maratón de San Sebastián 10k,https://runedia.mundodeportivo.com/carrera/zurich-maraton-de-san-sebastian-10k-2021/202123103/,"Guipuzkoa, San Sebastián",Asfalto,10000 m,euskadi,2021
D-28,Noviembre,Zurich Maratón de San Sebastián,https://runedia.mundodeportivo.com/carrera/zurich-maraton-de-san-sebastian-2021/202123101/,"Guipuzkoa, San Sebastián",Asfalto,42000 m,euskadi,2021
S-4,Diciembre,Ciclocross - Ametzaga de Zuia,https://runedia.mundodeportivo.com/carrera/ciclocross-ametzaga-de-zuia-2021/202123168/,"Araba, Ametzaga de Zuia",,2850 m,euskadi,2021
D-5,Diciembre,Cross Mixto de Zarautz,https://runedia.mundodeportivo.com/carrera/cross-mixto-de-zarautz-2021/20213232/,"Guipuzkoa, Zarauz",Cross,7500 m,euskadi,2021
,Diciembre,Joseba Jakaren Oroimenezko Herri Lasterketa,https://runedia.mundodeportivo.com/carrera/joseba-jakaren-oroimenezko-herri-lasterketa-2021/20213623/,"Vizcaya, Durango",Asfalto,6200 m,euskadi,2021
D-5,Diciembre,X-Treme Marcha de San Antonio Etxebarri,https://runedia.mundodeportivo.com/carrera/x-treme-marcha-de-san-antonio-etxebarri-2021/202123450/,"Vizcaya, Etxebarri",Caminata,8000 m,euskadi,2021
D-5,Diciembre,X-treme Trail de San Antonio Etxebarri 35k,https://runedia.mundodeportivo.com/carrera/x-treme-trail-de-san-antonio-etxebarri-35k-2021/202123452/,"Vizcaya, Etxebarri",Montaña,35000 m,euskadi,2021
D-5,Diciembre,Azpeitiko Txakurkrosa Elmubas Saria,https://runedia.mundodeportivo.com/carrera/azpeitiko-txakurkrosa-elmubas-saria-2021/202123221/,"Guipuzkoa, Azpeitia",Canicross,7500 m,euskadi,2021
D-5,Diciembre,Gasteizko Herri Krossa,https://runedia.mundodeportivo.com/carrera/gasteizko-herri-krossa-2021/20213076/,"Araba, Gasteiz",Asfalto,9000 m,euskadi,2021
D-5,Diciembre,X-treme Trail de San Antonio Etxebarri 11k,https://runedia.mundodeportivo.com/carrera/x-treme-trail-de-san-antonio-etxebarri-11k-2021/202123451/,"Vizcaya, Etxebarri",Montaña,11000 m,euskadi,2021
D-5,Diciembre,Balmaseda- Zalla - Balmaseda  Herri Krosa,https://runedia.mundodeportivo.com/carrera/balmaseda-zalla-balmaseda-herri-krosa-2021/202123222/,"Vizcaya, BALMASEDA",Asfalto,14000 m,euskadi,2021
D-5,Diciembre,Etxebarri X-Treme TXAKURKROS Canicross San Antonio de Etxebarri,https://runedia.mundodeportivo.com/carrera/etxebarri-x-treme-txakurkros-canicross-san-antonio-de-etxebarri-2021/202123338/,"Vizcaya, Etxebarri",Canicross,8000 m,euskadi,2021
S-11,Diciembre,Berdintasunaren Aldeko Herri Lasterketa - Carrera Popular por la Igualdad,https://runedia.mundodeportivo.com/carrera/berdintasunaren-aldeko-herri-lasterketa-carrera-popular-por-la-igualdad-2021/202123465/,"Araba, Amurrio",Asfalto,8500 m,euskadi,2021
S-11,Diciembre,BASATZAN 2019 ANGELMAN - Iurretako III. Mendi Bizikleta Martxa,https://runedia.mundodeportivo.com/carrera/basatzan-2019-angelman-iurretako-iii-mendi-bizikleta-martxa-2021/202123464/,"Vizcaya, Iurreta",Btt,2500 m,euskadi,2021
S-11,Diciembre,Berdintasunaren Aldeko Herri Lasterketa - Carrera Popular por la Igualdad,https://runedia.mundodeportivo.com/carrera/berdintasunaren-aldeko-herri-lasterketa-carrera-popular-por-la-igualdad-2021/202123465/,"Araba, Amurrio",Asfalto,8500 m,euskadi,2021
S-11,Diciembre,NeanderTrail Barrika,https://runedia.mundodeportivo.com/carrera/neandertrail-barrika-2021/202123502/,"Vizcaya, Barrika",Montaña,8000 m,euskadi,2021
D-12,Diciembre,Gabonetako Krosa - 5Km,https://runedia.mundodeportivo.com/carrera/gabonetako-krosa-5km-2021/202123340/,"Vizcaya, Portugalete",Asfalto,5000 m,euskadi,2021
D-12,Diciembre,Cross Villa de Amurrio,https://runedia.mundodeportivo.com/carrera/cross-villa-de-amurrio-2021/202123767/,"Araba, Amurrio",Cross,9500 m,euskadi,2021
D-12,Diciembre,Ziklo Kross Igorre,https://runedia.mundodeportivo.com/carrera/ziklo-kross-igorre-2021/202123456/,"Vizcaya, Igorre",,2800 m,euskadi,2021
D-12,Diciembre,XIX Bizkaia Saria. Urkiola,https://runedia.mundodeportivo.com/carrera/xix-bizkaia-saria-urkiola-2021/202154486/,"Vizcaya, Urkiola (Abadiño)",Orientación,5000 m,euskadi,2021
D-12,Diciembre,Gabonetako Krosa - 10Km,https://runedia.mundodeportivo.com/carrera/gabonetako-krosa-10km-2021/202123339/,"Vizcaya, Portugalete",Asfalto,10000 m,euskadi,2021
D-12,Diciembre,Ciclocross Igorre,https://runedia.mundodeportivo.com/carrera/ciclocross-igorre-2021/202123287/,"Vizcaya, Igorre",,2800 m,euskadi,2021
V-17,Diciembre,Pasai Antxoko XI. Gabonetako Krosa,https://runedia.mundodeportivo.com/carrera/pasai-antxoko-xi-gabonetako-krosa-2021/202124014/,"Guipuzkoa, Pasaia",Asfalto,6300 m,euskadi,2021
S-18,Diciembre,Subida a Belatxikieta,https://runedia.mundodeportivo.com/carrera/subida-a-belatxikieta-2021/20213624/,"Vizcaya, Amorebieta",Montaña,13000 m,euskadi,2021
S-18,Diciembre,Super Amara Gabonetako Krosa,https://runedia.mundodeportivo.com/carrera/super-amara-gabonetako-krosa-2021/202123508/,"Guipuzkoa, Irun",Asfalto,5000 m,euskadi,2021
D-19,Diciembre,Memorial Itziar Lopez de Uralde,https://runedia.mundodeportivo.com/carrera/memorial-itziar-lopez-de-uralde-2021/202123630/,"Vizcaya, Getxo",Asfalto,9800 m,euskadi,2021
D-19,Diciembre,43º Media Maratón de Vitoria-Gasteiz,https://runedia.mundodeportivo.com/carrera/43-media-maraton-de-vitoria-gasteiz-2021/20213077/,"Araba, Vitoria-Gasteiz",Asfalto,21097 m,euskadi,2021
D-19,Diciembre,Ciclocross - Oñati,https://runedia.mundodeportivo.com/carrera/ciclocross-onati-2021/202123560/,"Guipuzkoa, Oñati",,1000 m,euskadi,2021
D-26,Diciembre,Cross Beach Miguel Uriarte,https://runedia.mundodeportivo.com/carrera/cross-beach-miguel-uriarte-2021/202123571/,"Guipuzkoa, San Sebastian",Cross,4000 m,euskadi,2021
D-26,Diciembre,san silvestre iruña de oca,https://runedia.mundodeportivo.com/carrera/san-silvestre-iruna-de-oca-2021/202124050/,"Araba, iruña de oca",Asfalto,8000 m,euskadi,2021
D-26,Diciembre,Santxibiri Herri Lasterketa,https://runedia.mundodeportivo.com/carrera/santxibiri-herri-lasterketa-2021/202123817/,"Vizcaya, Elorrio",Asfalto,5500 m,euskadi,2021
D-26,Diciembre,Ciclocross - Lezama,https://runedia.mundodeportivo.com/carrera/ciclocross-lezama-2021/202123993/,"Vizcaya, Lezama",,1000 m,euskadi,2021
D-26,Diciembre,0km Lasterketa Herrikoia,https://runedia.mundodeportivo.com/carrera/0km-lasterketa-herrikoia-2021/202123971/,"Guipuzkoa, Oiartzun",Asfalto,6500 m,euskadi,2021
V-31,Diciembre,San Silvestre Errenteria,https://runedia.mundodeportivo.com/carrera/san-silvestre-errenteria-2021/20213235/,"Guipuzkoa, Errrenteria",Asfalto,7250 m,euskadi,2021
V-31,Diciembre,San Silvestre Galdakao - Memorial Ramón Gil,https://runedia.mundodeportivo.com/carrera/san-silvestre-galdakao-memorial-ramon-gil-2021/20213625/,"Vizcaya, Galdacano",Asfalto,4248 m,euskadi,2021
V-31,Diciembre,Lazkaoko San Silbestrea,https://runedia.mundodeportivo.com/carrera/lazkaoko-san-silbestrea-2021/202124154/,"Guipuzkoa, Lazkao",Asfalto,5000 m,euskadi,2021
V-31,Diciembre,San Silvestre Sport Mundi Hondarribia,https://runedia.mundodeportivo.com/carrera/san-silvestre-sport-mundi-hondarribia-2021/202124262/,"Guipuzkoa, Hondarribia",Asfalto,6000 m,euskadi,2021
,Diciembre,San Silvestre Lasarte-Oria,https://runedia.mundodeportivo.com/carrera/san-silvestre-lasarte-oria-2021/202124226/,"Guipuzkoa, 	Lasarte-Oria",Asfalto,6000 m,euskadi,2021
,Diciembre,San Silvestre Lekeitio,https://runedia.mundodeportivo.com/carrera/san-silvestre-lekeitio-2021/202124228/,"Vizcaya, Lekeitio",Asfalto,7000 m,euskadi,2021
V-31,Diciembre,San Silvestre Donostiarra,https://runedia.mundodeportivo.com/carrera/san-silvestre-donostiarra-2021/202124214/,"Guipuzkoa, San Sebastián",Asfalto,8200 m,euskadi,2021
V-31,Diciembre,SAN SILVESTRE ? ZEGAMA,https://runedia.mundodeportivo.com/carrera/san-silvestre-zegama-2021/202124161/,"Guipuzkoa,  Zegama",Asfalto,5250 m,euskadi,2021
V-31,Diciembre,XXXVI San Silvestre de Vitoria-Gasteiz,https://runedia.mundodeportivo.com/carrera/xxxvi-san-silvestre-de-vitoria-gasteiz-2021/20213078/,"Araba, Vitoria-Gasteiz",Asfalto,7500 m,euskadi,2021
V-31,Diciembre,San Silvestre Sodupe,https://runedia.mundodeportivo.com/carrera/san-silvestre-sodupe-2021/202124259/,"Vizcaya, Sodupe",Asfalto,7800 m,euskadi,2021
V-31,Diciembre,San Silvestre Errenteria - Corta,https://runedia.mundodeportivo.com/carrera/san-silvestre-errenteria-corta-2021/202124216/,"Guipuzkoa, Errrenteria",Asfalto,3500 m,euskadi,2021
V-31,Diciembre,Bilbao-Rekalde San Silvestre,https://runedia.mundodeportivo.com/carrera/bilbao-rekalde-san-silvestre-2021/20213626/,"Vizcaya, Bilbao",Asfalto,8200 m,euskadi,2021
V-31,Diciembre,Ordiziako San Silbestrea,https://runedia.mundodeportivo.com/carrera/ordiziako-san-silbestrea-2021/202124157/,"Guipuzkoa, Ordizia",Asfalto,6325 m,euskadi,2021
,Diciembre,Cross San Silvestre de Beasain,https://runedia.mundodeportivo.com/carrera/cross-san-silvestre-de-beasain-2021/20213236/,"Guipuzkoa, Beasain",Cross,9000 m,euskadi,2021
V-31,Diciembre,San Silvestre Barakaldo,https://runedia.mundodeportivo.com/carrera/san-silvestre-barakaldo-2021/202124171/,"Vizcaya, Barakaldo",Asfalto,6000 m,euskadi,2021
V-31,Diciembre,Santurtziko III San Silbestrea 2021,https://runedia.mundodeportivo.com/carrera/santurtziko-iii-san-silbestrea-2021-2021/202154507/,"Vizcaya, Santurtzi",Asfalto,6720 m,euskadi,2021
V-31,Diciembre,San Silvestre Santurtzi,https://runedia.mundodeportivo.com/carrera/san-silvestre-santurtzi-2021/202124257/,"Vizcaya, Santurtzi",Asfalto,6800 m,euskadi,2021
V-31,Diciembre,San Silvestre Andoain,https://runedia.mundodeportivo.com/carrera/san-silvestre-andoain-2021/202124166/,"Guipuzkoa, Andoain",Asfalto,5300 m,euskadi,2021
V-31,Diciembre,San Silvestre por WUKRO,https://runedia.mundodeportivo.com/carrera/san-silvestre-por-wukro-2021/202124250/,"Guipuzkoa, Hernani",Asfalto,4000 m,euskadi,2021
V-31,Diciembre,Azpeitiko San Silbestre Lasterketa,https://runedia.mundodeportivo.com/carrera/azpeitiko-san-silbestre-lasterketa-2021/202124135/,"Guipuzkoa, Azpeitia",Asfalto,5800 m,euskadi,2021
V-31,Diciembre,San Silvestre Trail Bergara,https://runedia.mundodeportivo.com/carrera/san-silvestre-trail-bergara-2021/202124264/,"Guipuzkoa, Bergara",Montaña,6500 m,euskadi,2021
S-1,Enero,Abadiñoko udala saria,https://runedia.mundodeportivo.com/carrera/abadinoko-udala-saria-2022/202210174/,"Vizcaya, Abadiño",,100000 m,euskadi,2021
D-2,Enero,Ciclocross - Ormaiztegi,https://runedia.mundodeportivo.com/carrera/ciclocross-ormaiztegi-2022/202210309/,"Guipuzkoa, Ormaiztegi",,1000 m,euskadi,2021
S-8,Enero,Nocturna de Sopela,https://runedia.mundodeportivo.com/carrera/nocturna-de-sopela-2022/202244517/,"Vizcaya, Sopela",Orientación,4700 m,euskadi,2021
D-9,Enero,Cross Juan Muguerza,https://runedia.mundodeportivo.com/carrera/cross-juan-muguerza-2022/20223225/,"Guipuzkoa, Elgoibar",Cross,10680 m,euskadi,2021
S-15,Enero,Kalamua Barinaga Jaitsiera,https://runedia.mundodeportivo.com/carrera/kalamua-barinaga-jaitsiera-2022/202210874/,"Vizcaya, Markina-Xemein",Asfalto,3000 m,euskadi,2021
D-16,Enero,Canicross de Zumaia,https://runedia.mundodeportivo.com/carrera/canicross-de-zumaia-2022/202212086/,"Guipuzkoa, Zumaia",Canicross,8000 m,euskadi,2021
D-23,Enero,San antontxuko herri krosa 10km,https://runedia.mundodeportivo.com/carrera/san-antontxuko-herri-krosa-10km-2022/202210748/,"Vizcaya, MUNGIA",Cross,10000 m,euskadi,2021
D-23,Enero,Laudio Herri Krosa,https://runedia.mundodeportivo.com/carrera/laudio-herri-krosa-2022/202210697/,"Araba, Laudio",Asfalto,8047 m,euskadi,2021
D-23,Enero,Garin Mendi-Lasterketa / Carrera de Montaña Garin,https://runedia.mundodeportivo.com/carrera/garin-mendi-lasterketa-carrera-de-montana-garin-2022/202211034/,"Guipuzkoa, barrio Garin (Beasain)",Montaña,11000 m,euskadi,2021
D-23,Enero,Idiazabalgo Herri Krosa,https://runedia.mundodeportivo.com/carrera/idiazabalgo-herri-krosa-2022/202211462/,"Guipuzkoa, Idiazabal",Cross,10300 m,euskadi,2021
D-23,Enero,Carrera ruta Las Arenas a Bilbao,https://runedia.mundodeportivo.com/carrera/carrera-ruta-las-arenas-a-bilbao-2022/202211375/,"Vizcaya, Las Arenas",Asfalto,11900 m,euskadi,2021
D-23,Enero,San antontxuko herri krosa 5km,https://runedia.mundodeportivo.com/carrera/san-antontxuko-herri-krosa-5km-2022/202210749/,"Vizcaya, Mungia",Cross,5000 m,euskadi,2021
D-23,Enero,VIII Circuito Popular Jesús de la Fuente. 3ª prueba. Monte Ilso,https://runedia.mundodeportivo.com/carrera/viii-circuito-popular-jesus-de-la-fuente-3-prueba-monte-ilso-2022/202244531/,"Vizcaya, Zalla",Orientación,6300 m,euskadi,2021
D-30,Enero,Sodupe Negu - Lasterketa,https://runedia.mundodeportivo.com/carrera/sodupe-negu-lasterketa-2022/202211545/,"Vizcaya, Sodupe",Montaña,18000 m,euskadi,2021
D-30,Enero,Etxera Trail Lasterketa,https://runedia.mundodeportivo.com/carrera/etxera-trail-lasterketa-2022/202211439/,"Vizcaya, Gernika",Montaña,16000 m,euskadi,2021
D-30,Enero,Herri Ametsa Talaia Mendi Krosa,https://runedia.mundodeportivo.com/carrera/herri-ametsa-talaia-mendi-krosa-2022/202211459/,"Guipuzkoa, Donostia",Montaña,15000 m,euskadi,2021
S-5,Febrero,Zierbenako Txakurkrosa-Playa La Arena Nocturna,https://runedia.mundodeportivo.com/carrera/zierbenako-txakurkrosa-playa-la-arena-nocturna-2022/202211988/,"Vizcaya, Zierbena",Canicross,2000 m,euskadi,2021
D-6,Febrero,On Bosko Krosa,https://runedia.mundodeportivo.com/carrera/on-bosko-krosa-2022/202212462/,"Guipuzkoa, Urnieta",Asfalto,7000 m,euskadi,2021
D-6,Febrero,5km Donostia Gimnástica de ulia,https://runedia.mundodeportivo.com/carrera/5km-donostia-gimnastica-de-ulia-2022/202212038/,"Guipuzkoa, San Sebastian",Asfalto,5000 m,euskadi,2021
D-6,Febrero,Nordic Walking On Bosko,https://runedia.mundodeportivo.com/carrera/nordic-walking-on-bosko-2022/202212460/,"Guipuzkoa, Urnieta",Otros,7000 m,euskadi,2021
D-6,Febrero,XI Trofeo Donostia Esquí de Fondo 16 km,https://runedia.mundodeportivo.com/carrera/xi-trofeo-donostia-esqui-de-fondo-16-km-2022/202212718/,"Guipuzkoa, Urdos",Esquí Montaña,16000 m,euskadi,2021
D-6,Febrero,Negu Trail Lasterketa,https://runedia.mundodeportivo.com/carrera/negu-trail-lasterketa-2022/202212454/,"Guipuzkoa, Berastegi",Montaña,16000 m,euskadi,2021
D-6,Febrero,Kobaz Koba Trail - 15Km,https://runedia.mundodeportivo.com/carrera/kobaz-koba-trail-15km-2022/202212309/,"Guipuzkoa, Zestoa",Montaña,15000 m,euskadi,2021
D-6,Febrero,10km Donostia Gimnástica de Ulia,https://runedia.mundodeportivo.com/carrera/10km-donostia-gimnastica-de-ulia-2022/202212047/,"Guipuzkoa, San Sebastián",Asfalto,10000 m,euskadi,2021
D-6,Febrero,Zierbenako Txakurkrosa-Montaño ETL,https://runedia.mundodeportivo.com/carrera/zierbenako-txakurkrosa-montano-etl-2022/202212724/,"Vizcaya, Zierbena",Canicross,8000 m,euskadi,2021
S-12,Febrero,"Carrera Popular de Zumaia - 5,6KM",https://runedia.mundodeportivo.com/carrera/carrera-popular-de-zumaia-56km-2022/202212765/,"Guipuzkoa, Zumaia",Cross,5600 m,euskadi,2021
S-12,Febrero,DUATLON SPRINT DE ERANDIO 5|18|2.5,https://runedia.mundodeportivo.com/carrera/duatlon-sprint-de-erandio-51825-2022/202212799/,"Vizcaya, ERANDIO",Duatlón,25500 m,euskadi,2021
S-12,Febrero,Txakurkross Canicross Hondarribia- Endanea,https://runedia.mundodeportivo.com/carrera/txakurkross-canicross-hondarribia-endanea-2022/202212686/,"Guipuzkoa, Pasai Donibane",Canicross,7000 m,euskadi,2021
S-12,Febrero,"Carrera Popular de Zumaia - 10,2KM",https://runedia.mundodeportivo.com/carrera/carrera-popular-de-zumaia-102km-2022/202212764/,"Guipuzkoa, Zumaia",Cross,10200 m,euskadi,2021
D-13,Febrero,Kobaz Koba Trail - 26Km,https://runedia.mundodeportivo.com/carrera/kobaz-koba-trail-26km-2022/202212310/,"Guipuzkoa, Zestoa",Montaña,26000 m,euskadi,2021
D-20,Febrero,A8M - VIII. antzuolako 8 miliak mendi lasterketa,https://runedia.mundodeportivo.com/carrera/a8m-viii-antzuolako-8-miliak-mendi-lasterketa-2022/202212939/,"Guipuzkoa, Antzuola",Montaña,13800 m,euskadi,2021
D-20,Febrero,Lezo-Jaizkibel Mendi Lasterketa,https://runedia.mundodeportivo.com/carrera/lezo-jaizkibel-mendi-lasterketa-2022/202213129/,"Guipuzkoa, Lezo",Montaña,14000 m,euskadi,2021
D-20,Febrero,10km - Vertiz Ford Media Maratón de Irun,https://runedia.mundodeportivo.com/carrera/10km-vertiz-ford-media-maraton-de-irun-2022/202212918/,"Guipuzkoa, Irun",Asfalto,10000 m,euskadi,2021
D-20,Febrero,10Km Sáhara Cross Memorial Salem Hach Embarek,https://runedia.mundodeportivo.com/carrera/10km-sahara-cross-memorial-salem-hach-embarek-2022/202213528/,"Guipuzkoa, Ormaiztegi",Cross,10000 m,euskadi,2021
D-20,Febrero,Apuko Igoera Mendi Lasterketa - Lista de Espera,https://runedia.mundodeportivo.com/carrera/apuko-igoera-mendi-lasterketa-lista-de-espera-2022/202212942/,"Vizcaya, Zaramillo",Montaña,23500 m,euskadi,2021
D-20,Febrero,Kepa eta Arene Memoriala,https://runedia.mundodeportivo.com/carrera/kepa-eta-arene-memoriala-2022/202213656/,"Vizcaya, Derio",Asfalto,7000 m,euskadi,2021
D-20,Febrero,Apuko Igoera BTT - Lista de espera,https://runedia.mundodeportivo.com/carrera/apuko-igoera-btt-lista-de-espera-2022/202244443/,"Vizcaya, Zaramillo",Btt,23500 m,euskadi,2021
D-20,Febrero,"5,4Km Sáhara Cross Memorial Salem Hach Embarek",https://runedia.mundodeportivo.com/carrera/54km-sahara-cross-memorial-salem-hach-embarek-2022/202213538/,"Guipuzkoa, Ormaiztegi",Cross,5400 m,euskadi,2021
D-20,Febrero,Media Maratón de Irun,https://runedia.mundodeportivo.com/carrera/media-maraton-de-irun-2022/202213147/,"Guipuzkoa, Irun",Asfalto,21097 m,euskadi,2021
D-20,Febrero,Zona de animación Apuko Igoera 2022,https://runedia.mundodeportivo.com/carrera/zona-de-animacion-apuko-igoera-2022-2022/202213298/,"Vizcaya, Zaramillo",Otros,1000 m,euskadi,2021
D-20,Febrero,Apuko Igoera BTT,https://runedia.mundodeportivo.com/carrera/apuko-igoera-btt-2022/202212941/,"Vizcaya, Zaramillo",Btt,23500 m,euskadi,2021
D-20,Febrero,"Arrigorriagako XX Herri Krosa - 4,8km",https://runedia.mundodeportivo.com/carrera/arrigorriagako-xx-herri-krosa-48km-2022/202213547/,"Vizcaya, Arrigorriaga",Asfalto,4800 m,euskadi,2021
D-20,Febrero,Apuko Igoera Mendi Lasterketa,https://runedia.mundodeportivo.com/carrera/apuko-igoera-mendi-lasterketa-2022/20223812/,"Vizcaya, Zaramillo",Montaña,23500 m,euskadi,2021
S-26,Febrero,Duatlón de Mungia,https://runedia.mundodeportivo.com/carrera/duatlon-de-mungia-2022/202213875/,"Vizcaya, Mungia",Duatlón,27500 m,euskadi,2021
,Febrero,Sagar Lasterra herri lasterketa,https://runedia.mundodeportivo.com/carrera/sagar-lasterra-herri-lasterketa-2022/202213895/,"Guipuzkoa, Hernani",Asfalto,8900 m,euskadi,2021
D-27,Febrero,San Silvestre Barakaldo,https://runedia.mundodeportivo.com/carrera/san-silvestre-barakaldo-2022/202254046/,"Vizcaya, Barakaldo",Asfalto,6000 m,euskadi,2021
D-27,Febrero,"Arrigorriagako XX Herri Krosa - 9,5km",https://runedia.mundodeportivo.com/carrera/arrigorriagako-xx-herri-krosa-95km-2022/202213546/,"Vizcaya, Arrigorriaga",Asfalto,9500 m,euskadi,2021
,Marzo,Mugagabe-Trail Laudio 29km,https://runedia.mundodeportivo.com/carrera/mugagabe-trail-laudio-29km-2022/202210002/,"Araba, Laudio",Montaña,29000 m,euskadi,2021
S-5,Marzo,Media Maratón de Basauri - Campeonato Euskadi,https://runedia.mundodeportivo.com/carrera/media-maraton-de-basauri-campeonato-euskadi-2022/202214179/,"Vizcaya, Basauri",Asfalto,21000 m,euskadi,2021
S-5,Marzo,Subida Popular al Angel de la Guarda,https://runedia.mundodeportivo.com/carrera/subida-popular-al-angel-de-la-guarda-2022/202214264/,"Guipuzkoa, Ibaeta",Asfalto,6100 m,euskadi,2021
,Marzo,Mugagabe-Trail Laudio Popular 10km,https://runedia.mundodeportivo.com/carrera/mugagabe-trail-laudio-popular-10km-2022/202210003/,"Araba, Llodio",Montaña,10000 m,euskadi,2021
D-6,Marzo,Carrera de Montaña Ibarruri,https://runedia.mundodeportivo.com/carrera/carrera-de-montana-ibarruri-2022/202214499/,"Vizcaya, Ibarruri",Montaña,20000 m,euskadi,2021
D-6,Marzo,Marcha de Orientación de la BMF. 2019 BMF Orientazio Mendi Martxa,https://runedia.mundodeportivo.com/carrera/marcha-de-orientacion-de-la-bmf-2019-bmf-orientazio-mendi-martxa-2022/202215001/,"Vizcaya, Ubide",Caminata,14000 m,euskadi,2021
D-6,Marzo,Txakurtrail Muskiz Amarok Solidarioa - 8k,https://runedia.mundodeportivo.com/carrera/txakurtrail-muskiz-amarok-solidarioa-8k-2022/202215410/,"Vizcaya, MUSKIZ",Canicross,8500 m,euskadi,2021
D-6,Marzo,Lilatón-Carrera popular para mujeres (5 al 8 marzo),https://runedia.mundodeportivo.com/carrera/lilaton-carrera-popular-para-mujeres-5-al-8-marzo-2022/202213962/,"Guipuzkoa, San Sebastián",,5000 m,euskadi,2021
D-6,Marzo,Bilbao Bizkaia Marathon,https://runedia.mundodeportivo.com/carrera/bilbao-bizkaia-marathon-2022/202226514/,"Vizcaya, Bilbao",Asfalto,42195 m,euskadi,2021
,Marzo,Aiako Mendi Lasterketa,https://runedia.mundodeportivo.com/carrera/aiako-mendi-lasterketa-2022/202245227/,"Guipuzkoa, Aia",Montaña,15000 m,euskadi,2021
D-6,Marzo,UZ Trail - 11Km,https://runedia.mundodeportivo.com/carrera/uz-trail-11km-2022/202215419/,"Guipuzkoa, Urretxu - Zumarraga",Montaña,11000 m,euskadi,2021
D-6,Marzo,Txakurtrail Muskiz Amarok Solidarioa - 4k,https://runedia.mundodeportivo.com/carrera/txakurtrail-muskiz-amarok-solidarioa-4k-2022/202215409/,"Vizcaya, Musikz",Canicross,4200 m,euskadi,2021
D-6,Marzo,DUATLON portugalete-ballonti,https://runedia.mundodeportivo.com/carrera/duatlon-portugalete-ballonti-2022/202214714/,"Vizcaya, portugalete",Duatlón,27500 m,euskadi,2021
